Звезды под номерами от 0 до 149
На расстоянии от 480пк, медиана 5150пк, среднее 12188пк до 144770пк
                            OLS Regression Results
==============================================================================
Dep. Variable:                      y   R-squared:                       0.091
Model:                            OLS   Adj. R-squared:                 -0.011
Method:                 Least Squares   F-statistic:                    0.8922
Date:                Sun, 05 Jul 2020   Prob (F-statistic):              0.574
Time:                        14:51:41   Log-Likelihood:                -780.14
No. Observations:                 149   AIC:                             1592.
Df Residuals:                     133   BIC:                             1640.
Df Model:                          15
Covariance Type:            nonrobust
==============================================================================
                 coef    std err          t      P>|t|      [0.025      0.975]
------------------------------------------------------------------------------
0             -0.4414     15.692     -0.028      0.978     -31.479      30.596
1            -24.1759     16.569     -1.459      0.147     -56.948       8.596
2             29.1782     16.068      1.816      0.072      -2.604      60.960
3            -10.6639     13.829     -0.771      0.442     -38.017      16.689
4             11.8066     16.621      0.710      0.479     -21.068      44.681
5             15.8049     16.538      0.956      0.341     -16.906      48.516
6             15.4688     14.156      1.093      0.276     -12.532      43.469
7             -6.9193     15.377     -0.450      0.653     -37.335      23.497
8              9.1029     14.368      0.634      0.527     -19.316      37.522
9              5.9081     15.441      0.383      0.703     -24.634      36.450
10             6.3189     18.058      0.350      0.727     -29.399      42.036
11           -13.3590     14.903     -0.896      0.372     -42.837      16.119
12             3.4074     15.478      0.220      0.826     -27.208      34.023
13            -2.3304     14.165     -0.165      0.870     -30.348      25.687
14            -2.1600     14.412     -0.150      0.881     -30.666      26.346
15             7.4763     13.920      0.537      0.592     -20.057      35.009
==============================================================================
Omnibus:                       63.476   Durbin-Watson:                   1.949
Prob(Omnibus):                  0.000   Jarque-Bera (JB):              749.340
Skew:                          -1.109   Prob(JB):                    1.92e-163
Kurtosis:                      13.760   Cond. No.                         2.59
==============================================================================

Warnings:
[1] Standard Errors assume that the covariance matrix of the errors is correctly specified.
0	-0,44	15,69
1	-24,18	16,57
2	29,18	16,07
3	-10,66	13,83
4	11,81	16,62
5	15,80	16,54
6	15,47	14,16
7	-6,92	15,38
8	9,10	14,37
9	5,91	15,44
10	6,32	18,06
11	-13,36	14,90
12	3,41	15,48
13	-2,33	14,16
14	-2,16	14,41
15	7,48	13,92