name	lii	bii	distance
ESO 008 06	306.5592	-21.4418	 1380
ESO 026 02	313.583	-30.7574	 2473
Mamajek 1	292.4817	-21.6535	   97
ESO 021 06	307.2214	-16.3409	 1222
Feigelson 1	300.2173	-15.6085	  114
NGC 1520	291.1373	-35.7047	  775
ESO 043 13	317.7172	-19.3386	 1490
ESO 065 07	305.9925	-8.6218	 3835
NGC 1557	283.7728	-38.2608	 1055
NGC 5359	308.6803	-8.2906	 2500
ASCC 69	299.0466	-7.2372	 1000
ESO 065 03	302.9475	-6.8583	 2300
ASCC 51	286.2453	-14.08	  500
ESO 062 08	290.3386	-10.2121	 1983
ESO 062 11	291.5066	-9.1549	  910
NGC 1785	280.0139	-35.247	 3080
ESO 064 05	300.4572	-5.7242	 1239
NGC 1901	279.0397	-33.6065	  460
ASCC 78	314.7702	-8.6468	 2400
Collinder 261	301.6836	-5.5276	 2190
Ruprecht 163	293.1627	-7.1232	 3019
ASCC 71	299.9908	-4.8239	 1300
Ruprecht 110	309.9496	-5.6087	 1300
NGC 2348	278.1416	-23.8091	 1070
ASCC 73	301.4963	-4.4596	  650
BH 140	303.0936	-4.2954	 3106
Collinder 268	305.5413	-4.3474	 1963
ASCC 57	287.9685	-8.5965	 1500
FSR 1617	300.674	-3.8089	 1828
ASCC 76	308.9766	-4.2448	  600
BH 164	314.2881	-6.0748	  440
Collinder 269	306.1676	-3.5133	 1300
Collinder 277	308.672	-3.8318	 2204
Platais 11	308.6376	-3.7763	  232
BH 144	305.3459	-3.1559	12000
NGC 1641	277.203	-38.3181	  985
Loden 1002	309.4371	-3.2419	 1332
Loden 757	305.1214	-2.5174	 1340
Ruprecht 84	285.3196	-8.8177	 1800
ESO 093 08	293.5065	-4.041	14000
FSR 1605	298.3795	-2.708	 4430
Melotte 101	289.8641	-5.5605	 1995
NGC 4815	303.6249	-2.0971	 3079
Ruprecht 107	305.9266	-2.2431	 1442
Loden 995	309.2996	-2.7538	 2400
ESO 099 06	318.7587	-6.9769	 2231
NGC 4463	300.6434	-2.0139	 1050
Loden 615	299.6585	-2.1074	 1000
ESO 092 05	286.185	-7.502	 5168
NGC 5288	309.0102	-2.4916	 2158
ESO 092 18	287.1283	-6.6552	10607
ESO 097 15	311.7889	-3.195	 3274
Ruprecht 98	297.306	-2.2896	  494
Loden 848	307.502	-2.0241	 1797
ASCC 70	299.0116	-1.836	 2700
ASCC 82	320.5548	-7.7406	  800
IC 2602	289.6014	-4.9061	  161
ASCC 56	286.3898	-6.8759	  800
Loden 894	308.1277	-1.9494	 1423
Collinder 271	307.1027	-1.6402	 1169
Juchert 13	297.5308	-1.7513	 2944
BH 132	300.2635	-1.3216	 5229
Ruprecht 99	297.6325	-1.4771	  660
BH 111	291.9401	-3.1666	 2700
NGC 6588	330.8435	-20.8782	 2314
Teutsch 79	306.4945	-1.0246	 1250
Saurer 4	298.7891	-1.0227	 6190
Melotte 105	292.9039	-2.4119	 1715
Ruprecht 166	306.7418	-0.8483
Platais 12	309.6084	-1.3659	  435
Ruprecht 94	294.0406	-1.9654	 3400
Loden 1375	315.1665	-3.2581	 1819
BH 131	300.1162	-0.68	 6250
NGC 5045	305.4739	-0.6305	 1500
Majaess 160	317.0915	-4.2044
IC 2944	294.8489	-1.6541	 1794
NGC 4052	297.2911	-0.9066	 1209
SAI 118	308.7199	-0.8746	 1140
Ruprecht 88	286.6608	-5.1861	 1876
Hogg 15	302.0474	-0.2417	 3200
Graham 1	290.319	-2.9948	 3600
Dias 4	308.7889	-0.7342	 2150
NGC 4609	301.8948	-0.1417	 1320
Ruprecht 101	298.2052	-0.4959	 2318
NGC 5281	309.161	-0.7138	 1108
NGC 5269	308.9554	-0.6682	 1410
Loden 1373	315.1392	-2.6405	 3412
Alessi 24	328.8934	-14.7543	  500
Trumpler 21	307.5744	-0.2965	 1263
IC 2714	292.4021	-1.799	 1238
Ruprecht 97	296.792	-0.4901	 1357
Ruprecht 102	298.6057	-0.1636	 1609
Alessi 52	298.5456	-0.1622	 3325
Danks 1	305.339	0.0796	 3600
Danks 2	305.3934	0.0879	 3600
NGC 3036	283.6614	-6.8303	 1200
FSR 1595	295.6135	-0.6832	 4416
Stock 16	306.1486	0.0631	 1810
Ruprecht 100	297.721	-0.2067	 2435
Teutsch 77	296.2961	-0.4898	 1450
Ruprecht 112	316.8288	-3.1113	 1764
Loden 466	295.2062	-0.6653
Stock 14	295.2173	-0.6624	 2399
Lynga 15	295.0526	-0.6724	 1380
Loden 807	306.7593	0.1412	  925
Loden 467	295.3859	-0.5316	 2569
ASCC 75	309.3323	-0.2428	 3000
Bica 5	294.9424	-0.6351	 1740
C1331 622	307.8593	0.0447	  819
ASCC 77	312.0012	-0.8639	 2200
FSR 1586	292.8325	-1.1984	 2420
Ruprecht 162	289.6379	-2.5445	 3019
Basel 18	307.1342	0.2625	 2226
SAI 116	295.7636	-0.2259	 2200
ESO 132 14	308.1571	0.2001	 1100
Lynga 1	310.8494	-0.3373	 1900
Ruprecht 96	295.8901	-0.096	  860
Pismis 18	308.2261	0.31	 2240
Loden 991	309.2162	0.1949	 1089
Loden 1339	314.5948	-1.4779	 1278
FSR 1645	306.4199	0.7241	 1278
NGC 4349	299.7193	0.8296	 2176
NGC 5316	310.2292	0.1145	 1215
Loden 213	287.6939	-3.0461	 1876
Loden 1101	310.7477	0.0696	 2088
ESO 137 43	327.3801	-10.7407	 1659
Ruprecht 92	289.4821	-1.9899	 2211
ESO 137 23	325.4938	-8.6006	 1561
Kronberger 39	289.5247	-1.9557	11100
BH 151	308.67	0.5964	 3800
Bochum 12	289.8543	-1.7752	 2218
Loden 624	299.9662	1.0106	 1423
Loden 1409	315.9513	-1.7479	 2088
NGC 3766	294.1169	-0.0304	 2218
Trumpler 11	284.4422	-4.8606	 3100
Ruprecht 105	300.885	1.2367	  950
BH 110	290.8211	-1.0513	 5593
Loden 1256	313.1115	-0.2883	 1400
Hogg 17	314.8975	-0.8999	 1310
Lynga 2	313.8652	-0.4518	  900
Collinder 272	307.5947	1.2015	 2095
Loden 481	295.8281	0.7629	 1520
NGC 3603	291.6172	-0.5223	 6900
Ruprecht 161	284.6113	-4.3057	  940
NGC 4103	297.5736	1.1551	 1632
Hogg 16	307.4773	1.3372	 1585
Majaess 133	289.7732	-1.2291
Alessi 5	288.0832	-2.0497	  398
Trumpler 22	314.6474	-0.5809	 1516
Ruprecht 95	294.8398	0.6686	 1634
ASCC 65	291.1159	-0.5714	 3500
Collinder 236	289.5391	-1.2603	  800
NGC 2609	276.1456	-12.7539	 1320
Loden 306	290.5547	-0.7845	 2000
ESO 129 32	294.8867	0.7347	 1560
ASCC 67	294.563	0.7105	 1500
Hogg 8	286.5245	-2.7278	 7194
ASCC 72	300.6944	1.8416	 1100
NGC 5168	307.7315	1.5616	 1777
Alessi Teutsch 8	297.0691	1.3932	  650
ASCC 64	290.1422	-0.7682	 1500
Hogg 23	300.1488	1.8526	 1250
Collinder 257	299.6917	1.8172
Pismis 19	314.7122	-0.3016	 1500
NGC 3590	291.2038	-0.1783	 1651
Hogg 12	291.2058	-0.1721	 2000
Harvard 5	299.9844	1.9545	 1184
Loden 694	303.1248	2.1045	 1700
NGC 2516	273.8158	-15.8558	  409
Hogg 7	286.3948	-2.5335	 4583
ASCC 84	323.5653	-5.4452	  900
Ruprecht 164	293.2375	0.6126	  780
ASCC 79	320.0418	-2.8647	  800
Loden 402	293.4675	0.7031	 2450
Teutsch 143a	290.6892	-0.3075	 5483
NGC 5617	314.6703	-0.0999	 2000
NGC 3255	286.0885	-2.635	 1445
Loden 172	286.2852	-2.5025	 1415
Trumpler 18	290.9864	-0.1346	 1358
Loden 565	297.6692	1.7804	  650
Loden 682	302.4225	2.2176	  900
Trumpler 20	301.4698	2.2046	 3300
Hogg 6	283.9589	-3.8502	 1600
Teutsch 80	317.4151	-1.0876	 2500
Ruprecht 104	299.6592	2.2696	 2702
NGC 6025	324.5508	-5.884	  756
ASCC 63	289.1279	-0.6733	 3500
Ruprecht 159	279.5563	-7.5041	 6347
Hogg 10	290.7985	0.0767	 1776
Hogg 11	290.9033	0.1194	 2270
Hogg 5	283.8635	-3.7752	 2622
Loden 309	290.7941	0.0929	  600
Juchert 10	315.9974	-0.301	 3200
NGC 4755	303.2057	2.5089	 1976
NGC 3496	289.5147	-0.4114	  990
ESO 123 26	273.0994	-16.2726	  550
Collinder 240	290.8751	0.2054	 1577
Trumpler 12	283.8278	-3.6981	 1300
Loden 1010	309.5034	1.9058	  700
Hogg 13	291.3934	0.4562	 2208
NGC 3572	290.7047	0.2022	 1995
Sher 1	289.6373	-0.2419	 5875
Collinder 275	308.2808	2.2222	 1952
Chupina 3	216.1467	31.7593
ASCC 80	320.9227	-2.7319	 1500
Trumpler 13	285.5153	-2.3525	 2400
NGC 3114	283.3317	-3.8395	  911
Bochum 9	286.7838	-1.5693	  710
NGC 4439	300.0681	2.6389	 1785
ASCC 62	288.4364	-0.6657	 3000
Collinder 228	287.6677	-1.0471	 2201
Bochum 11	288.025	-0.856	 2412
NGC 5043	306.0129	2.6505	  970
Collinder 223	286.3576	-1.7051	 2820
Ruprecht 111	315.6595	0.2983	 1121
NGC 2132	268.6904	-30.2004	  974
Pismis 17	289.4693	0.1394	 3504
Feinstein 1	290.0251	0.3847	 1159
Hogg 14	300.0612	2.9277	  969
Loden 1095	310.6823	2.1846	 4028
Loden 821	307.0736	2.8735	 2800
Trumpler 16	287.6238	-0.6517	 2900
Loden 1225	312.5802	1.6933	 1500
Loden 1194	312.1805	1.8316	  500
Pismis 21	320.3565	-1.8067	 1174
ESO 130 13	299.3803	3.0176	 4319
NGC 5606	314.8408	0.9938	 1805
FSR 1698	320.8207	-2.0539	 1562
NGC 4852	304.0352	3.2398	 1100
NGC 5381	311.6017	2.1144	 2630
Collinder 232	287.4929	-0.5436	 2300
ASCC 53	280.5657	-5.3662	 2500
Trumpler 14	287.4081	-0.5774	 2900
Teutsch 106	289.1641	0.2966	 6660
SAI 113	285.0651	-1.8947	 2025
Turner 6	289.0982	0.3185	 3250
Stock 15	297.7485	2.9758
Ruprecht 86	282.8378	-3.3927	 7173
Ruprecht 113	324.5944	-4.6438	  810
Teutsch 31	288.3728	0.016	 3250
Trumpler 15	287.41	-0.3688	 1853
Loden 1152	311.5189	2.3823	 1711
ESO 130 06	297.3747	3.0997	 2200
Loden 915	308.3702	3.1705	  500
Majaess 65	182.0338	-0.1689
Trumpler 17	288.6692	0.4485	 2189
FSR 1535	283.3275	-2.6982	 1602
DC 5	286.7938	-0.4999	 4430
BH 99	286.5578	-0.6245	  507
ESO 134 12	317.0114	0.5732	 2088
Bochum 10	287.0163	-0.3147	 2027
Loden 1282	313.5892	1.9796	 1349
Platais 8	277.6823	-7.6209	  132
Platais 10	309.5747	3.0774	  246
Loden 280	290.1873	1.231	 5246
Pismis 20	320.5165	-1.2002	 3272
Hogg 9	288.8339	0.6914	 3049
Basel 17	290.2649	1.3351	 1636
NGC 5138	307.5356	3.5178	 1986
Majaess 135	288.9552	0.802
FSR 1651	307.3096	3.6103	 3602
Ruprecht 167	313.9212	2.0418	 2000
Alessi Teutsch 12	330.6618	-10.334	  700
Stock 13	290.5095	1.5958	 1577
Loden 336	291.3269	1.9628
ASCC 74	308.6624	3.5671	  550
Loden 143	285.3549	-0.8638	  600
Loden 2045	320.1112	-0.6261	 2056
NGC 3532	289.5708	1.3468	  492
FSR 1657	307.9299	3.7544	 5409
Loden 165	286.117	-0.3609	 1900
Carraro 1	286.2357	-0.2896	 1900
BH 91	284.0403	-1.6011	  740
Loden 1202	312.3021	2.838	 1063
NGC 3324	286.2283	-0.1884	 2317
BH 118	291.6032	2.3641	 1493
ESO 139 54	335.2822	-17.142	 1706
Loden 372	292.5555	2.7568	 1200
ASCC 60	285.671	-0.3223	  800
Ruprecht 108	308.2518	3.9836	  901
Ruprecht 90	285.4174	-0.4372	 6000
Loden 480	295.7134	3.6593	 1200
Loden 1171	311.7586	3.3189	  500
Lynga 3	321.0425	-0.7023	 4164
Loden 2158	323.0835	-1.9454	 6206
ESO 128 16	287.9357	1.1612	  900
ESO 129 19	291.2649	2.5809	 1791
NGC 3293	285.8562	0.0736	 2327
BH 84	282.055	-2.4166	 3370
Loden 1378	315.6737	2.1861	 1346
Ruprecht 89	284.9912	-0.3827	  750
Loden 28	282.2139	-2.2145	 3950
Loden 2159	323.0065	-1.7472	 6111
Loden 153	285.6766	0.0819	 2670
ESO 139 13	333.982	-13.8049	 1500
NGC 4337	299.313	4.556	 2600
BH 90	283.1275	-1.4558	 2572
NGC 6087	327.7258	-5.4257	  891
Collinder 220	284.5675	-0.342	 1547
ESO 141 47	338.9518	-26.1725	 1787
ESO 131 09	300.0259	4.872	 2276
Loden 1289	313.7688	3.2553	 1753
Loden 1177	311.8849	3.8373	 4167
NGC 1252	274.0839	-50.8313	  790
Westerlund 2	284.2758	-0.3359	 2850
ASCC 59	283.7837	-0.5128	  550
IC 2581	284.588	0.035	 2446
Collinder 292	325.0769	-2.6427	 1500
NGC 5715	317.5284	2.084	 1500
Trumpler 19	290.1715	2.8949	 1900
Ruprecht 91	286.8698	1.4918	  900
NGC 6005	325.78	-2.986	 2690
ASCC 55	280.616	-2.0923	 1100
IC 2488	277.8298	-4.4192	 1134
ESO 175 06	314.6419	3.9601	  550
Turner 7	316.4448	3.3086	 1800
Ruprecht 114	327.234	-3.4932	 2088
ASCC 61	286.4095	1.9372	 1700
Loden 89	284.3529	0.8676	  380
Loden 112	284.6869	1.1641	 2500
Lynga 5	324.7897	-1.1938	 1753
NGC 5662	316.937	3.3939	  666
Loden 27	282.171	-0.3346	 2628
BH 78	279.1588	-2.6067	 4602
FSR 1697	320.8113	1.5692	  912
NGC 5999	326.0083	-1.9249	 2050
Ruprecht 165	299.7573	6.2975	 2082
NGC 3033	279.5956	-2.0714	  922
Basel 20	277.7763	-3.6655	 2024
BH 92	282.9835	0.4376	 1249
Loden 189	286.6727	2.5893	  720
Ruprecht 75	276.7874	-4.4814	 4300
Hogg 2	279.8417	-1.7343	 1819
BH 58	275.6211	-5.6194	 4131
FSR 1688	316.9989	3.895	 1469
ESO 165 09	274.9233	-5.9213	  450
Schuster 1	281.0102	-0.2539	 5212
Loden 1	281.0212	-0.1738	  360
NGC 3960	294.3672	6.1826	 1850
NGC 5823	321.1247	2.4602	 1192
BH 87	280.7188	0.059	 1203
ASCC 66	289.2931	4.84	 1000
Saurer 3	285.0958	2.9986	 9550
Majaess 166	326.9166	-1.0844
Lynga 4	324.654	0.6565	 1100
Ruprecht 77	276.464	-3.117	 4129
Ruprecht 85	280.2023	0.0692	 1400
NGC 4230	298.0246	7.4448	 1445
FSR 1509	278.6658	-1.0822	 2080
ASCC 58	281.7116	1.3281	  600
Harvard 10	329.8356	-3.2844	 1312
Loden 46	282.5659	2.0928	  540
NGC 5593	316.3148	5.6068	  850
NGC 3105	279.9147	0.2636	 8530
BH 66	276.0027	-3.0063	 7000
BH 75	276.9907	-2.0531	 2500
Ruprecht 83	278.5052	-0.6091	 2459
NGC 5925	324.3611	1.7201	 1170
FSR 1518	279.6166	0.3768	 1819
Loden 2115	321.9462	3.2623	 1434
NGC 5749	319.5289	4.5445	 1031
Teutsch 44	282.182	2.262	 7410
ASCC 54	277.9035	-0.9036	 1200
NGC 5822	321.5732	3.5927	  933
ASCC 52	275.9642	-2.4087	 1500
BH 106	286.0484	4.6996	 1879
NGC 6067	329.7454	-2.2049	 1417
Loden 59	283.1176	3.2178	  650
NGC 3330	284.1877	3.8484	  894
Moffat 1	328.5465	-0.9811	 2100
NGC 6031	329.2813	-1.4981	 1823
Ruprecht 82	277.7307	-0.4733	 2455
FSR 1500	276.8304	-1.2041	 1380
ESO 166 04	273.8971	-3.9716	  885
ESO 168 04	283.054	3.4906	 3084
Ruprecht 79	277.0986	-0.818	 1979
NGC 6208	333.7545	-5.7649	  939
Ruprecht 78	275.7058	-1.8815	 1641
Harvard 9	325.6156	1.8991	 1478
Trumpler 23	328.851	-0.4766	 1900
NGC 2925	275.9359	-1.2537	  774
Miller 1	275.01	-1.9016	 3910
Pismis 16	277.8287	0.689	 1824
BH 72	275.5032	-1.1797	 3190
Alessi Teutsch 3	266.4551	-12.8466	  800
IC 2391	270.3622	-6.8387	  175
SAI 108	276.2745	-0.3544	 2910
NGC 2669	270.8352	-6.0925	 1046
NGC 2910	275.3143	-1.1761	 2607
BH 52	270.8096	-6.0468	  667
Teutsch 48	274.1787	-2.1691	 7900
ASCC 83	328.1023	1.106	  600
Pismis 14	275.1503	-1.145	 1314
NGC 6253	335.4598	-6.2507	 1510
NGC 5764	320.968	5.873	 2800
NGC 6152	332.9179	-3.1668	 1030
Loden 2326	327.5065	1.9857	  900
Loden 2313	327.1995	2.2703	 1076
Ruprecht 115	330.9588	-0.8494	 2160
Johansson 1	327.8995	1.8	  570
Teutsch 66	275.282	-0.4726	 5510
Hogg 18	320.7652	6.4261	 1535
FSR 1496	276.2021	0.6883	 2290
ESO 211 01	270.225	-5.4526	 3413
Ruprecht 116	332.3864	-1.6829	  900
Ruprecht 118	332.5471	-1.7984	 1343
Lynga 6	330.3692	0.3232	 1600
NGC 5800	322.4424	5.9464	 1170
Ruprecht 117	332.4911	-1.6227	  937
Pismis 22	331.4683	-0.5971	 1000
ESO 236 07	345.8269	-43.9007	 2933
NGC 3228	280.6971	4.5453	  544
Majaess 170	330.0514	0.8981
ESO 229 02	341.3529	-13.532	 2362
Ruprecht 76	273.7544	-0.9373	 1262
BH 88	278.6997	3.3735	 1770
Ruprecht 119	333.2759	-1.8794	  956
ESO 231 30	345.8711	-24.7193	 3276
Ruprecht 176	331.9091	-0.2803	 2686
BH 67	273.7589	-0.3755	 7500
Alessi 8	326.4864	4.2607	  575
ESO 226 06	333.0887	-1.1865	 1220
NGC 2866	273.1232	-0.7638	 2600
Collinder 307	334.3989	-2.3473	 1551
Mamajek 4	343.777	-16.9973	  385
ASCC 81	328.8356	2.8479	  700
Ruprecht 73	270.7326	-3.04	 1621
Collinder 213	276.8351	2.7765	 1400
SAI 109	275.3972	1.753	 7690
Lynga 12	335.6974	-3.4609	 1000
Ruprecht 87	279.3723	4.8834	 5254
FSR 1714	329.3841	2.8819	 1608
Hogg 1	274.899	1.5982	 1594
Alessi 34	264.9227	-10.4439	 1100
NGC 2972	274.6856	1.757	 2062
ESO 211 09	271.9441	-0.7966	 5823
ESO 211 03	269.2319	-3.7673	 3770
Lynga 8	333.2728	-0.0706	 1050
FSR 1715	329.5309	3.27	 1423
BH 73	273.6335	0.9508	 5557
SAI 91	267.6493	-5.4849	 3090
Pismis 11	271.6566	-0.7077	 3600
IC 4651	340.0881	-7.9068	  888
NGC 6167	335.2223	-1.4273	 1108
BH 85	276.9144	4.5436	 1501
FSR 1732	337.7319	-3.6597	 3584
BH 63	271.6313	0.3992	 2300
NGC 2547	264.4649	-8.5975	  361
NGC 6134	334.917	-0.1976	 1260
Hogg 19	335.0883	-0.3017	 3266
Collinder 205	269.2092	-1.8435	 1853
Pismis 23	334.6681	0.4295	 2600
NGC 2670	267.4854	-3.625	 1188
NGC 6193	336.7106	-1.5736	 1155
Lynga 9	334.5432	1.0698	 1700
ASCC 46	264.4407	-7.3286	  900
NGC 5460	315.7462	12.6281	  700
Ruprecht 63	265.8013	-5.0157	 3760
Ruprecht 120	336.3855	-0.4933	 2000
NGC 3909	292.457	13.3628	 1100
ESO 217 08	292.505	13.3934
IC 2395	266.6365	-3.5919	  800
Harvard 13	339.6058	-4.0333	 3612
Majaess 114	271.0115	1.4146
Pismis 15	272.4928	2.869	 2900
Muzzio 1	267.9264	-1.466	 1300
Hogg 21	337.9563	-1.4368	 1750
ESO 260 06	266.6997	-2.8415	 1711
Melotte 66	259.5592	-14.2437	 4700
Hogg 20	337.9096	-1.2291	 1777
Ruprecht 69	266.4496	-2.998	 2010
NGC 6200	337.9959	-1.069	 2054
FSR 1443	265.7209	-3.5382	 1864
FSR 1471	270.7151	2.1302	 2700
Pozzo 1	262.8027	-7.6857	  336
Patchick 94	336.4589	0.8539	 4126
Ruprecht 60	264.1027	-5.5101	 6160
NGC 2660	265.9288	-3.0127	 2826
FSR 1441	265.5403	-3.3647	 1659
Hogg 22	338.5606	-1.1433	 1216
ESO 261 03	268.9874	0.8057	 1063
Ruprecht 160	274.6338	5.9916	 2187
ESO 260 07	266.3638	-2.192	 4374
NGC 6204	338.5597	-1.0396	 1200
Alessi 9	344.288	-8.9684	  211
Ruprecht 71	266.3728	-1.8952	 1300
Ruprecht 70	266.3293	-1.9223
ESO 258 01	260.1946	-10.8698	 1031
Alessi 3	257.9214	-15.3778	  288
Teutsch 103	270.7505	3.2061	 2790
Collinder 173	261.375	-8.1627	  421
Lynga 11	338.1817	0.454	 2300
SAI 94	265.4328	-2.1804	 3910
Pismis 8	265.0825	-2.5792	 1312
NGC 2645	264.7868	-2.9082	 1668
Ruprecht 121	338.7141	0.1058	 1239
ESO 278 02	341.4183	-3.1728
ESO 260 17	267.4882	0.6495	 1366
FSR 1429	264.4835	-2.9644	 3371
ESO 275 01	333.024	5.853	 1475
Bochum 7	265.1887	-1.9577	 5754
ESO 245 09	273.7621	-67.4885	 1380
NGC 6250	340.6832	-1.9197	  865
BH 197	339.4788	-0.3346	 1633
Westerlund 1	339.5555	-0.399	 5500
NGC 6178	338.4048	1.2107	 1014
ASCC 85	339.8987	-0.211	 1200
ESO 265 01	283.3749	13.2854	 3162
ESO 252 14	250.87	-35.2581	 2180
Lynga 14	340.9189	-1.0886	  881
Moitinho 1	261.9351	-5.1121	 1146
NGC 3446	281.861	12.7895	 1485
Pismis 12	268.6397	3.2162	 1714
NGC 2659	264.1788	-1.6502	 1713
NGC 6249	341.5373	-1.1857	  981
FSR 1415	263.7368	-1.8118	 3530
NGC 6216	340.6724	0.0061	 4300
ESO 261 07	268.8953	4.0514	 3360
NGC 2220	252.4997	-23.9259	 1170
NGC 6259	341.9974	-1.5166	 1031
BH 34	262.5755	-2.9695	  950
Ruprecht 154	259.5806	-7.3023	 1783
Pismis 4	262.8633	-2.4388	  593
BH 54	264.482	-0.284	 1102
FSR 1430	264.6446	0.0765	 2840
ESO 281 24	351.2847	-16.6192	 3830
BH 200	341.1516	0.2826	 1475
FSR 1412	262.9265	-1.9156	 2644
Ruprecht 81	271.2397	7.0155	 3009
Ruprecht 65	263.0749	-1.5508	  500
NGC 6169	339.3778	2.5151	 1007
NGC 2982	270.7517	6.7012	 2624
Ruprecht 80	270.754	6.7077	 2500
ESO 277 04	340.3703	1.8692	 1790
Platais 9	266.8759	3.3779	  174
Pismis 10	265.4292	1.9601	 4767
BH 37	262.3533	-1.7845	11220
Lynga 13	341.6052	0.9092	 1139
Ruprecht 67	262.7974	-0.7922	 1504
NGC 6192	340.6473	2.1222	 1547
BH 56	264.4881	1.4634	  680
NGC 3680	286.7641	16.9184	  938
NGC 6322	345.2791	-3.0565	  996
ESO 311 14	256.9481	-8.3727	 1613
ESO 282 26	355.0152	-21.8938	 1400
Trumpler 10	262.7906	0.674	  424
ESO 309 03	251.9679	-18.0395	 1753
ESO 334 02	347.7599	-5.5093	 3210
Majaess 99	259.5993	-2.9801
Teutsch 84	344.4392	-0.4543	 2200
Teutsch 64	260.6847	-1.2982	 2980
ESO 324 15	309.3414	20.583	 2818
SAI 88	258.5217	-4.2239	 8240
NGC 2671	262.1477	0.7869	 1660
NGC 6231	343.4644	1.1841	 1243
ESO 313 03	260.4345	-1.3068	 3048
SAI 90	260.0114	-1.8521	 2740
Majaess 104	259.5006	-2.5721
Alessi 43	262.5038	1.4779	  850
Pismis 2	258.8511	-3.3379	 3310
Majaess 101	259.332	-2.5534
ESO 311 21	257.1518	-5.8473	 2330
ESO 312 03	259.2418	-2.1209	 2170
FSR 1394	259.2519	-2.105
ESO 312 04	259.4605	-1.7192	 2410
Collinder 197	261.4858	0.9913	  838
BH 211	344.9657	0.4577	 1440
ESO 335 05	352.3842	-11.3337	 7562
ESO 329 02	332.0726	12.8221	 1546
BH 202	344.2587	1.5938	 1607
Collinder 316	344.3931	1.6131	 1000
BH 217	346.7817	-1.5133	 1388
ESO 332 22	345.8001	-0.1645	 1422
ESO 332 11	344.4959	1.5704	 1841
ESO 332 08	344.3972	1.807	 1200
BH 205	344.6041	1.6167	 2160
Trumpler 24	344.7009	1.4957	 1138
NGC 6124	340.7407	6.0162	  512
ESO 332 13	344.7265	1.5972	 2910
NGC 2849	265.2743	6.3574	 6170
Ruprecht 56	257.2907	-3.5129	  410
Ruprecht 125	348.5007	-3.4028	 1500
ESO 313 12	260.5864	1.4691	 1401
Ruprecht 64	259.7564	0.5296	  800
Trumpler 29	349.9871	-5.145	  760
FSR 1390	258.6856	-0.8106	 2397
FSR 1380	256.7438	-3.4909	 2290
FSR 1758	349.1953	-3.3406	 7086
Moffat 2	347.4321	-0.6179
NGC 6268	346.0487	1.2997	 1080
Teutsch 85	347.3421	-0.3904	 1260
Saurer 2	257.9948	-1.0014	 6600
Pismis 5	259.3398	0.9181	  869
ESO 315 14	266.7948	9.2086	 1789
BH 55	261.5273	3.7486	 4108
NGC 6242	345.4684	2.4656	 1131
NGC 6318	347.9025	-0.6877	 2100
Alessi Teutsch 7	258.2955	0.2746	  900
Trumpler 25	349.1562	-1.7738	 1818
Havlen Moffat 1	348.7035	-0.7666	 3300
Pismis 7	259.0521	1.9942	 4900
Pismis 3	257.8648	0.5019	 1394
NGC 2477	253.5633	-5.8377	 1341
FSR 1755	348.2457	0.4825
NGC 2451A	252.5754	-7.2986	  189
ESO 332 20	347.4917	1.7331	 1695
BH 222	349.1268	-0.4414	 6000
Ruprecht 152	253.5395	-5.3007	 8020
ESO 314 14	263.5775	8.0784	 1870
Ruprecht 66	258.4933	2.2857	 3760
Teutsch 38	259.3792	3.4428	  900
NGC 6281	347.7306	1.9725	  479
Ruprecht 123	349.9632	-0.9749	  714
Collinder 338	351.7338	-3.3377	  880
ESO 313 11	258.5859	3.0013	 3708
NGC 2451B	252.0509	-6.7265	  302
ESO 337 23	0.4981	-21.3206	 1995
ASCC 48	257.3945	1.6154	  400
NGC 2546	254.8551	-1.9859	  919
DC 3	250.2782	-9.708	 4317
ASCC 91	353.1316	-4.9368	  800
Ruprecht 74	263.0438	8.9699	 3074
Pismis 1	255.112	-0.7112	 5907
BH 208	347.8285	3.3211	 3910
NGC 6400	352.5816	-3.2417	  950
Collinder 135	248.765	-11.1322	  316
Harvard 16	351.7364	-1.6453	 1467
BH 214	348.904	2.6082	 1723
NGC 2818	261.9795	8.5843	 1855
Turner 5	264.5368	11.125	  400
SAI 86	253.5931	-2.1173	 3030
AH03 J0822 36.4	254.9778	0.3291	  750
BH 23	254.0811	-0.9594	  480
FSR 1767	352.6009	-2.1661	 1948
Collinder 185	255.0555	0.5571	 1486
Alessi 13	238.5486	-56.9815	  100
Ruprecht 127	352.8804	-2.4977	 1466
NGC 6529	355.7071	-7.2997
NGC 2579	254.6741	0.2126	 1033
ESO 389 05	339.9142	12.9497	 4785
ESO 370 17	255.9468	2.0305	 2695
NGC 6334	351.1459	0.475	 1025
Teutsch 50	253.0184	-2.012	 3240
BH 4	249.986	-7.1296
Ruprecht 68	257.265	4.2585	 1990
BH 223	351.3112	0.6227	  414
Majaess 95	254.0558	-0.0949
ESO 393 12	353.5175	-2.2915	 8208
ASCC 45	253.6325	-0.3109	 3000
Ivanov 8	254.0122	0.2497	 3888
ASCC 88	349.8889	3.0751	 1900
Ruprecht 31	250.0882	-5.9741	  930
Bochum 13	351.2014	1.3597	 1077
ESO 371 25	258.0101	5.855	 2198
ESO 367 10	247.3384	-10.5	 3027
Trumpler 30	355.7481	-5.2542	 1000
ESO 383 10	312.1324	27.0895	 1000
NGC 6396	353.9299	-1.7738	 1192
Ruprecht 128	354.7779	-2.8634	 2486
NGC 6444	355.3928	-3.759	  560
ASCC 90	354.2878	-1.9157	  500
NGC 6475	355.8607	-4.5006	  301
NGC 2635	255.5997	3.9568	 4000
Kronberger 85	250.966	-2.8405	 8500
ESO 370 13	254.1716	2.1282	 2760
ESO 392 13	353.0111	0.2559	  816
FSR 1363	252.1903	-0.6273	 2391
ESO 368 11	249.3728	-5.2442	 1490
Ruprecht 59	253.0702	0.9392	  874
AH03 J1725 34.4	353.0907	0.6407	  290
Ruprecht 126	354.2846	-0.917	 2325
ESO 393 15	355.2646	-2.3842	 2471
Pismis 24	353.1609	0.8921	 1995
NGC 6357	353.1648	0.8947	 1205
Ruprecht 61	253.4957	2.1355	 3900
Collinder 333	354.1	-0.1734	  855
NGC 2061	238.9295	-27.9305	  542
Collinder 345	355.6767	-2.3829
Arp Madore 2	248.1254	-5.8762	13341
ASCC 98	1.5482	-12.9422	  800
Bochum 15	247.9879	-5.4834	 2806
Trumpler 27	355.0636	-0.7423	 1211
ESO 397 01	3.592	-16.9842	 1089
NGC 6404	355.6585	-1.1768	 2400
Ruprecht 140	0.0351	-8.8549
SAI 82	248.8262	-3.0395	 1150
NGC 2588	252.2796	2.4492	 4950
FSR 1343	248.215	-3.9416
ESO 368 14	248.2135	-3.9407	 4230
Antalova 4	355.1166	0.2085	 1802
Haffner 15	247.9516	-4.1577	 3500
NGC 2658	254.5553	6.0698	 2021
Ruprecht 55	250.6911	0.8042	 4600
NGC 6383	355.6897	0.0412	  985
Antalova 2	355.1719	0.987	 3500
Trumpler 28	356.01	-0.3044	 1343
ESO 456 09	357.8632	-3.3409	  750
Dutra Bica 50	355.9842	-0.1122
NGC 6416	356.9316	-1.5492	  741
Ferrero 1	0.6584	-8.1577	  750
BH 19	249.8787	-0.0179	 3050
BH 221	353.9967	3.009	  750
NGC 6405	356.5803	-0.7767	  487
Antalova 3	355.5023	0.9856	 2588
ESO 429 05	246.5013	-5.4011	 3596
ESO 435 33	266.2644	18.6379	 2860
Ruprecht 48	249.1313	-0.6378	 3030
ESO 456 29	358.7649	-3.9728	 3007
Ruprecht 52	249.3355	-0.1567	 2177
ESO 445 74	318.2539	29.0257	 2048
Ruprecht 58	250.4356	1.5652	 2229
Ruprecht 54	250.0317	0.9591	 5470
BH 231	355.9106	0.9071	 1699
Collinder 140	244.9297	-7.5912	  405
Haffner 17	247.7055	-2.5271	 2880
Ruprecht 155	249.2012	-0.0883	 2311
Collinder 198	254.089	6.9263
NGC 2439	246.4424	-4.4667	 1300
Collinder 196	253.9436	6.958	  661
Antalova 1	355.8565	1.6438	  850
NGC 6425	357.9403	-1.6055	  778
ESO 430 14	248.7048	-0.1439	 2860
Ruprecht 14	243.5692	-9.1855	 4023
NGC 2243	239.4782	-18.0142	 4458
Ruprecht 35	246.6619	-3.2462	 3910
Dutra Bica 51	358.4404	-1.9189	 1346
Ruprecht 21	244.5799	-6.8139	 3894
Majaess 184	357.3992	0.0012
Ruprecht 47	248.2521	-0.1879	 3006
Ruprecht 28	245.657	-4.3096	 4712
ESO 435 17	264.6021	18.8234	 3603
Ruprecht 50	248.2118	0.1242	 1834
ESO 426 26	239.6237	-16.5175	 1240
ESO 430 18	248.5794	0.7595	  830
Haffner 26	249.6092	2.3391	 1000
ESO 429 13	245.648	-3.9271	 1606
Collinder 132	242.9892	-8.8024	  472
Ruprecht 51	248.0475	0.2699	 2514
NGC 2567	249.7951	2.961	 1677
Haffner 20	246.9721	-0.9306	 3117
ESO 461 38	11.2444	-28.1893	 2402
NGC 2580	249.871	3.6747	 4000
Ruprecht 153	247.3599	-0.139	 1848
NGC 6451	359.4775	-1.6005	 2080
ESO 427 32	241.6481	-10.3407	 1786
Ruprecht 130	359.2215	-0.96	 2100
Basel 5	359.7671	-1.8729	  766
Haffner 13	245.0089	-3.7247	  714
NGC 2489	246.7128	-0.7732	 3957
NGC 2627	251.5834	6.6507	 2000
ESO 456 05	0.0094	-1.8768	 1828
NGC 2533	247.7996	1.3097	 1700
Czernik 32	245.886	-1.7299	 4100
Blanco 1	15.5719	-79.2612	  269
ESO 430 09	247.1681	0.5116	 2273
NGC 2571	249.106	3.5322	 1342
BH 245	359.4211	-0.5179	 1000
ESO 456 72	2.3595	-5.4018	 1211
Ruprecht 2	238.7742	-15.0746	 3161
Ruprecht 134	0.2704	-1.6432	 6664
NGC 2587	249.4587	4.4723	 2700
Haffner 7	242.6732	-6.8043	 4500
Trumpler 26	357.5247	2.8444	 1000
Ruprecht 3	238.7799	-14.8168	 1100
ESO 447 29	329.0596	28.0267	 1634
Dutra Bica 25	1.0831	-2.7319
ESO 425 15	236.3713	-20.3559	  990
Collinder 347	359.7381	-0.3335	 1514
Turner 12	246.2462	-0.0433	 4499
Ruprecht 131	0.144	-0.844	  600
ESO 436 02	266.2067	22.2382	 2150
Ruprecht 22	243.0432	-5.4258	 1609
ESO 425 06	235.3963	-22.2878	 1100
IRAS 17301 2917	358.3695	2.1381	 1215
Collinder 187	249.2769	4.8104	 2187
ESO 435 09	262.7188	19.8342	 2255
Dutra Bica 10	0.5646	-0.8555
Dutra Bica 7	0.5493	-0.8136
Dutra Bica 11	0.5844	-0.8691
Dutra Bica 12	0.5895	-0.8321
Dutra Bica 58	359.9942	0.1555	 1182
Ruprecht 20	242.4514	-5.7523	 1208
Ruprecht 43	245.93	0.3474	 1300
Dutra Bica 6	0.3151	-0.2047
Dutra Bica 5	0.3137	-0.1928
Collinder 351	0.5548	-0.5294	 1310
Ruprecht 133	1.0053	-1.1502	 5246
NGC 5998	343.8165	19.8092	 1170
Ruprecht 44	245.7455	0.4822	 4730
Dutra Bica 32	1.8854	-2.4412
ASCC 87	355.1502	8.0106	  900
Ruprecht 168	1.2379	-1.0851	 2626
Ruprecht 150	240.0152	-9.6469	 1789
Haffner 14	243.9855	-2.0505	 3483
ESO 435 48	264.8199	22.2888	 1819
Dutra Bica 28	1.3912	-1.1777	 7575
Ruprecht 12	239.9388	-9.3049	  900
ESO 429 02	242.5934	-4.1612	 1670
ASCC 43	244.736	-0.3846	 1000
Trumpler 31	2.2483	-2.293	  986
NGC 2527	246.0874	1.855	  601
SAI 81	244.5841	-0.5464	 2770
Dutra Bica 18	0.3811	0.9612
Teutsch 25	243.993	-1.137	 1980
Haffner 22	246.7749	3.377	 3050
NGC 2483	244.7908	0.2393	 1659
NGC 6520	2.8811	-2.8436	 1900
ESO 432 03	250.652	8.887	 1831
Dutra Bica 31	1.5781	-0.3877
Haffner 11	242.3889	-3.5198	 5800
ESO 494 09	244.9434	1.0838	 1212
Collinder 468	3.5998	-3.25	 7376
Czernik 37	2.2123	-0.6429	 1440
vdBergh 83	236.5604	-14.4007	 1925
ESO 493 03	242.4935	-2.4988	 1400
Haffner 21	244.85	1.6331	 2951
NGC 2453	243.2751	-0.9397	 2150
ESO 522 16	5.2143	-5.5368
FSR 1315	243.2192	-0.619	 2255
Ruprecht 57	246.3158	4.3784	 1764
Ruprecht 41	243.7791	0.3701	 3150
ESO 524 01	9.0618	-12.9828	 2800
AH03 J0748 26.9	243.1826	-0.6061	 4440
Dutra Bica 40	2.7169	-0.3413
Ruprecht 49	244.7158	2.2682	 1823
ESO 502 19	276.0266	30.6883	 1338
Ruprecht 27	241.601	-2.5265	 1490
Alessi 33	237.8827	-9.6046	  750
NGC 2467	243.1723	0.3777	 1355
Alessi 18	241.4231	-2.5553	 6287
Haffner 18	243.1514	0.4467	 6028
Ruprecht 36	242.5928	-0.3335	 1681
Haffner 19	243.0809	0.5236	 6400
Collinder 302	351.5829	15.7336
Ruprecht 18	239.9279	-4.9415	 1056
Dutra Bica 49	3.8902	-1.0307
ESO 486 54	228.5805	-30.6814	 2856
Ruprecht 53	244.9906	4.125	 1700
ESO 485 20	226.1617	-37.1443
Ruprecht 42	243.3262	1.6388	 5457
Majaess 88	239.5898	-4.8988
Trumpler 9	243.0718	1.2846	 2289
NGC 6698	9.2548	-10.7918	 1150
Ruprecht 13	237.8888	-8.1439	 1300
ESO 518 03	355.0608	12.4282	 1266
ASCC 95	6.1578	-4.2784	 1500
NGC 2354	238.3684	-6.7918	 1750
FSR 1308	242.0761	0.2308
Ruprecht 32	241.5663	-0.5728	 5346
Haffner 16	242.0972	0.4672	 3165
Waterloo 3	242.562	1.4434	 5200
Dutra Bica 59	2.201	3.445
Ruprecht 137	4.8507	-0.9211	 1450
ASCC 33	236.6761	-8.7292	  800
NGC 2362	238.1789	-5.5482	 1480
Dutra Bica 45	3.6557	1.7829	 1192
Ruprecht 169	5.1489	-0.5151	 1390
Collinder 121	235.7016	-9.9907	 1100
Ruprecht 136	5.1994	-0.4687	 4513
Ruprecht 138	5.2862	-0.5847	  930
NGC 2448	240.7594	-0.2636	 1040
Ivanov 6	238.4801	-4.2833	  442
Majaess 89	238.4783	-4.1795
ESO 521 38	6.4755	-2.3892	 1800
Majaess 90	238.4109	-4.1136
ASCC 37	237.6904	-5.4541	 1600
ESO 522 05	7.0005	-3.0016	  660
NGC 6530	6.0828	-1.3313	 1330
Ruprecht 29	240.1036	-0.7443	 2312
NGC 2482	241.6257	2.0345	 1194
Trumpler 6	238.3312	-3.6409	 2083
NGC 2352	236.7741	-6.263	 1750
Berkeley 75	234.3068	-11.1881	 9100
Trumpler 7	238.2133	-3.3316	 1474
NGC 2447	240.0386	0.1346	 1037
Collinder 367	7.1383	-2.1372	 1200
Dutra Bica 60	3.7308	3.9596	 3054
Bochum 14	6.3876	-0.4989	  578
Ruprecht 149	234.3459	-10.3267	 2362
ESO 525 08	15.119	-18.022	 1640
Ruprecht 139	6.4103	-0.2355	  550
Ruprecht 23	238.082	-2.4054	 3060
Ruprecht 25	238.7541	-1.1687	 3585
NGC 6546	7.3279	-1.3819	  938
FSR 0022	6.1805	0.846	 4340
Ruprecht 17	237.1282	-3.7312	 1263
NGC 6514	7.0859	-0.2873	  816
ASCC 39	237.953	-1.7186	 1500
FSR 0023	6.5838	0.7828	 2418
Juchert 12	236.5619	-4.1222	 2128
ESO 561 05	240.776	3.6548	 3677
NGC 6531	7.6773	-0.3548	 1205
Ruprecht 39	239.7329	2.3959	 4591
NGC 6469	6.5927	1.9594	 1100
ASCC 93	8.3294	-1.0496	 2500
Platais 5	228.8006	-18.7583	  272
NGC 6583	9.2825	-2.5336	 2040
FSR 1294	239.3162	2.3201	 2121
Teutsch 14a	7.907	-0.0304	 1720
NGC 6573	9.0632	-2.0905	  460
Majaess 190	8.5039	-0.9837
Bica 4	235.6199	-4.1072	 3930
Ruprecht 33	238.557	1.3815	 1558
Ruprecht 9	233.7249	-7.5702	 3434
ESO 589 26	7.9517	0.3279	 2434
NGC 2367	235.5964	-3.8374	 1400
FSR 1275	236.3963	-2.1594	 3750
NGC 6568	9.4087	-1.6513	 1000
Ruprecht 19	235.9605	-2.5183	 1797
vdBergh 113	9.1102	-0.7183	 3470
FSR 0031	8.9062	-0.2679	 1468
ESO 570 12	274.0641	35.8932	  640
NGC 2455	238.3537	2.3203	 2650
FSR 1270	235.6344	-2.2814	 1607
ASCC 36	234.3172	-4.6369	  750
NGC 2384	235.3899	-2.3928	 3070
NGC 2383	235.27	-2.461	 3400
ESO 559 13	235.6091	-1.5734	 2749
Tombaugh 2	232.8321	-6.8802	 6080
Ruprecht 11	233.2667	-5.9814	 1870
NGC 2287	231.0195	-10.4446	  710
NGC 7826	61.8749	-77.6529	  620
NGC 2421	236.2705	0.069	 2200
Tombaugh 1	232.3342	-7.314	 4169
Ruprecht 40	235.8748	-0.4475	 1836
Czernik 31	236.2691	0.2754	 3200
Ruprecht 34	237.2025	2.1566	 2630
Collinder 394	14.883	-9.2357	  690
FSR 0035	9.6861	0.7638	 2525
Ruprecht 38	237.564	3.1856	 2928
Ruprecht 10	232.5544	-5.8512	 2900
FSR 0039	10.2494	0.3212	 2940
NGC 6716	15.3951	-9.5927	  789
NGC 6595	11.4221	-1.7125	 1640
Teutsch 61	235.3755	0.1512	 1920
Auner 1	231.9966	-6.1552	 8900
Trumpler 33	12.3971	-3.2282	 1755
Ruprecht 62	242.5007	11.782	 2160
Dias 5	11.6608	-1.7444	 1760
FSR 1255	233.7033	-2.6322	 1023
Ruprecht 15	233.5438	-2.9031	 3416
Alessi 40	13.9073	-5.6009	  800
ESO 587 04	2.7274	13.0658	 5271
Ruprecht 16	233.7884	-2.0548	 2160
Bochum 6	234.7451	-0.2179	 3981
IC 4725	13.7024	-4.4336	  620
Ruprecht 157	241.6393	11.5845	 2059
NGC 2432	235.4712	1.7783	 1900
NGC 2509	237.84	5.8479	  912
Markarian 38	11.9832	-0.9313	 1471
NGC 6494	9.8936	2.8342	  628
Turner 3	12.3597	-1.3416	 1790
Turner 2	12.3517	-1.243	 1190
ASCC 99	15.8935	-7.9183	  280
Turner 4	12.4554	-1.1736	 2330
NGC 2204	226.0136	-16.1066	 2629
Ruprecht 5	230.004	-7.5547	 4712
ESO 559 02	232.4624	-2.7256
NGC 6737	17.4338	-10.6703	 2120
Mayer 3	233.7546	-0.1868	 2494
NGC 6554	11.7618	0.6484	 1775
FSR 1253	233.2334	-0.9335	 2640
NGC 6603	12.8598	-1.306	 3600
Majaess 86	232.3117	-2.5302
Haffner 24	233.4319	-0.3259	 2936
Collinder 469	12.7334	-0.871	 1481
Ruprecht 145	16.4883	-8.0309	  320
NGC 2017	221.6228	-23.7081	 1120
NGC 2479	235.9843	5.3809	 1585
Teutsch 49	231.6353	-2.1873	 3840
NGC 6507	11.5537	3.0278	 1230
FSR 0046	13.35	0.0681	 4736
Ruprecht 37	234.9399	4.5268	 5250
Bochum 4	232.7531	0.7738	 2291
NGC 2358	231.0252	-2.2797	  630
NGC 6613	14.1827	-1.0112	 1296
Haffner 9	231.7963	-0.5873	 1900
Haffner 23	230.0452	-3.8005	 1000
Bochum 5	232.4542	0.7697	  872
NGC 6645	15.7818	-3.5883	 1245
NGC 6561	13.4337	1.1585	 3400
NGC 6596	14.3071	-0.2882	 1100
Dolidze 52	15.0236	-1.6298	 1318
NGC 2428	233.0711	2.714	 2100
Berkeley 25	226.6117	-9.6995	11400
Ruprecht 45	235.3217	7.0275	 1888
NGC 2430	232.9082	2.8972	  650
Ruprecht 147	21.0123	-12.8164	  295
Ruprecht 151	233.0584	3.2581	 2100
NGC 6618	15.0952	-0.7454	 1300
Ruprecht 171	16.4778	-3.1123	 1140
FSR 1243	232.0236	1.9787	 4336
Waterloo 8	231.3971	1.1296
FSR 0052	16.7845	-2.9177	 1173
Ruprecht 26	232.0607	2.6828	 1820
NGC 2360	229.807	-1.4261	 1120
NGC 2414	231.4115	1.9456	 3455
FSR 1234	231.1544	1.5277	 1706
Czernik 29	230.7976	0.9353	 3000
Haffner 10	230.8175	1.0068	 3700
Ivanov 7	230.983	1.4841	 2299
Waterloo 7	230.2789	0.6219	 2800
FSR 0054	17.1564	-2.2766	 2325
ASCC 94	15.5446	0.9137	  850
Haffner 4	227.94	-3.5862	 4500
NGC 2425	231.5042	3.297	 3550
NGC 2437	231.8576	4.0644	 1510
Kronberger 25	16.5828	-0.4671	 1220
Dolidze 28	16.9654	-1.0353	 1258
Kharchenko 3	16.6797	-0.4476	 2130
Kharchenko 2	16.6611	-0.3204	 1990
NGC 2422	230.9581	3.1302	  490
Kronberger 2	16.8159	0.0272	 3065
Ruprecht 1	223.9523	-9.6843	 1480
Basel 11a	228.2557	-0.7763	 1520
NGC 2401	229.6653	1.8539	 5888
NGC 2423	230.4835	3.5368	  766
FSR 1227	229.8607	2.4339	 4500
FSR 1209	227.0242	-2.8805	 2964
NGC 6611	16.954	0.7934	 1800
ASCC 40	229.9738	2.8474	  700
NGC 2318	226.0483	-4.4598	 1335
Ruprecht 8	226.1936	-3.9203	 2190
DC 4	225.3387	-5.5727	 2304
NGC 2413	229.6012	2.9179	  440
Trumpler 32	17.2067	1.2879	 1720
FSR 0051	16.7098	2.2453	 4415
Ruprecht 6	225.2973	-5.0215	 7691
NGC 2374	228.4146	1.0198	 1468
Berkeley 33	225.4245	-4.6221	 6000
NGC 2345	226.5798	-2.3141	 2251
Berkeley 36	227.492	-0.5661	 6140
NGC 6639	18.9149	-1.5203	  700
Haffner 6	227.8604	0.258	 3054
Bica 3	18.4441	-0.4154	 1640
DC 1	223.4943	-7.933
FSR 1204	226.3149	-2.1681	 1706
NGC 2539	233.7053	11.1115	 1363
FSR 1202	226.1316	-2.3204	 2436
Ruprecht 24	228.8979	2.9605	 1983
Haffner 8	227.5333	1.3445	 2380
BDSB96	225.4753	-2.568	 1400
Ruprecht 141	19.6942	-1.2013	 1800
Dias 6	19.604	-1.0279	 2239
NGC 6604	18.2467	1.6948	 1696
Ruprecht 142	19.871	-1.3525	 1735
Ruprecht 143	20.0036	-1.3983	 2062
Melotte 71	228.9488	4.4979	 3154
NGC 6631	19.4814	-0.1771	 2600
NGC 1498	203.6225	-43.3297	 1020
Alessi 31	15.1977	7.6545	  650
FSR 0059	19.744	-0.5594	 1550
NGC 6625	19.0447	0.7953	 1335
SAI 69	222.8036	-6.6555	 7140
Berkeley 76	225.0987	-1.9982	12600
NGC 2396	227.5233	2.6272	  588
Ruprecht 135	16.4204	6.2338	  810
vdBergh 92	224.6103	-2.5089	 1500
Ruprecht 144	20.7488	-1.2779	 1600
NGC 2506	230.5639	9.9347	 3750
Collinder 466	224.2236	-1.4726	 2123
Melotte 72	227.8411	5.3607	 3981
NGC 2343	224.2681	-1.1729	 1056
Collinder 467	227.8314	5.6187
Collinder 465	224.0591	-1.406	 5410
Ruprecht 4	222.0471	-5.3389	 4700
NGC 2351	224.7679	0.0678	 1882
Alessi 10	31.6536	-20.9886	  513
NGC 6649	21.635	-0.7853	 1369
FSR 1171	223.1171	-2.7605	 4110
NGC 2353	224.6854	0.3842	 1170
NGC 2335	223.6003	-1.1826	 1417
Ruprecht 170	21.0504	1.2	 5785
Czernik 30	226.3686	4.1733	 9120
Majaess 70	216.203	-15.6608
FSR 1183	224.206	0.3204	 1634
vdBergh 80	219.2611	-8.9313	 2100
NGC 2225	218.7799	-9.8605	 3200
NGC 6694	23.8786	-2.9136	 1660
Alessi 21	223.437	0.0037	  500
FSR 1163	221.9258	-2.4009	 1706
Wit 3	224.4143	2.6272
NGC 6728	25.7486	-5.6859	 1000
Dolidze 27	7.6157	24.6639	 2107
FSR 1170	222.6412	-0.5101	 2276
Ivanov 4	221.8575	-2.0284	  717
NGC 2349	222.7797	0.3508	 1628
Dias 3	222.6002	0.3653	 4650
Trumpler 34	24.1194	-1.2638	 1342
NGC 2323	221.6722	-1.3312	  950
Mamajek 2	17.0255	12.3089	  161
NGC 6664	24.2942	-0.2869	 1164
NGC 2364	223.0029	3.02	 1919
NGC 2215	215.9932	-10.1025	  790
NGC 2306	219.693	-2.6046	 1200
NGC 2309	219.8446	-2.2456	 2511
NGC 2302	219.2966	-3.1175	 1500
ASCC 24	216.6401	-8.2269	  400
FSR 1144	219.4877	-1.7241	 1737
FSR 1150	220.3141	-0.0965	 5664
Berkeley 73	215.278	-9.4238	 9800
NGC 6705	27.307	-2.776	 1877
NGC 6683	26.3546	-0.7878	 1197
ASCC 30	219.0925	-1.5962	  800
Stephenson 2	26.2296	-0.1439	 5900
NGC 1980	209.523	-19.5931	  550
Basel 1	27.3553	-1.9466	 2178
Wit 1	219.1316	-0.6801	 1952
NGC 2548	227.8725	15.3929	  770
NGC 2338	219.8848	1.0118	 1800
FSR 1153	220.5971	2.4875	 3095
ASCC 38	221.98	5.365	  500
Trapezium	209.0101	-19.3859	  414
Teutsch 145	27.2373	-0.4086	 2700
NGC 6704	28.219	-2.2183	 2974
NGC 2250	215.4677	-6.2382	 1795
Pfleiderer 2	22.2817	9.3276	 5500
Bochum 3	218.7886	0.3503	 1762
Andrews Lindsay 5	27.7335	-0.6669	 2289
NGC 1977	208.472	-19.1273	  500
NGC 2232	214.4323	-7.5422	  359
NGC 2219	213.9602	-8.2877	 2023
NGC 2311	217.7588	-0.6935	 2290
Berkeley 39	223.4614	10.0945	 4780
ASCC 27	217.1182	-1.4575	 1200
Dolidze 33	27.8966	0.2621	 1067
NGC 1981	208.0071	-18.9392	  380
Dolidze 34	28.0391	0.1672	 1422
Czernik 26	214.3475	-6.5082	 8872
Trumpler 35	28.2809	0.0112	 1206
Dolidze 32	28.1203	0.438	 1381
Ivanov 9	217.4941	-0.0158	  736
FSR 0087	29.09	-0.4426	 1174
FSR 0090	29.6208	-1.3854	 1388
FSR 0089	29.4907	-0.9802	 1516
NGC 2184	211.427	-10.5816	  640
Berkeley 77	219.2529	5.1813	 4630
NGC 2286	215.3058	-2.2733	 2600
Wit 2	216.8478	0.8029	 2830
Ferrero 10	216.638	0.63
Sigma Orionis	206.8107	-17.3462	  399
ASCC 19	204.8887	-19.4665	  350
ASCC 29	214.7266	-0.1157	  750
FSR 1113	216.3011	3.248	 5805
NGC 2260	212.7178	-3.6503	 1985
Berkeley 79	31.1378	0.8327	 2300
Berkeley 80	32.1828	-1.2063	 1413
Alessi 60	215.2005	1.9446	 2906
Collinder 70	205.0299	-17.351	  387
Berkeley 37	217.2301	5.9347	 5250
FSR 0094	31.8158	-0.1212	 2069
King 23	217.2876	6.2946	 3113
NGC 6775	35.0072	-6.0631	 1185
FSR 1077	212.6466	-2.5235	 1298
Berkeley 24	212.151	-3.4356	 4700
FSR 1065	211.7633	-3.7429	 1551
Patchick 90	212.6458	-1.7414	 6310
NGC 6735	33.5557	-2.2588	 1466
Berkeley 81	33.6923	-2.4838	 3000
FSR 1063	211.2515	-3.8602	 2032
Berkeley 34	214.1588	1.8843	 7280
FSR 1085	213.3017	0.3008	 1429
ASCC 28	213.3829	0.5074	  800
FSR 0100	34.3304	-2.7844	 2687
Dolidze 49	212.4397	-0.9757	 2398
Herschel 1	219.3531	12.3527	  370
Dolidze 23	211.9191	-1.8748	  625
Teutsch 146	33.1122	0.0562	 3800
Berkeley 20	203.4833	-17.3728	 8400
SAI 72	213.2272	1.074	 3150
Dolidze 25	211.9422	-1.2733	 6800
Collinder 401	38.6505	-10.2622
Bochum 2	212.3014	-0.3899	 2661
NGC 2112	205.8724	-12.6147	  940
NGC 2301	212.5581	0.2792	  870
FSR 0098	33.0316	1.1525	 5387
Ferrero 11	208.1229	-7.904	 1500
ASCC 18	202.0845	-18.4809	  500
FSR 1080	212.9404	1.9137	 1753
NGC 2324	213.4471	3.2974	 3800
NGC 2262	210.5674	-2.104	 3600
Collinder 350	26.749	14.6625	  280
vdBergh 85	211.228	-0.4014	 1641
Teutsch 13	210.8241	-1.0322	 2780
Alessi 44	40.2079	-10.6409	  500
FSR 0107	36.3092	-3.211	 2847
FSR 1053	210.2427	-1.8529	 1202
ASCC 20	201.6686	-17.5263	  450
Alessi 15	210.4893	-1.0992	 1599
Dolidze 24	210.6624	-0.7339	 1261
Collinder 115	210.7967	-0.2926	 1917
Briceno 1	200.9816	-18.344	  460
Saurer 1	214.6893	7.386	13200
Collinder 110	209.6492	-1.9786	 1950
ASCC 35	213.4631	5.6892	  800
Alessi 16	210.1022	-0.7553	 1191
Alessi 59	211.082	1.1942	 3500
Collinder 91	207.4145	-5.5221	 1467
Berkeley 35	212.6022	5.3599	 4390
FSR 0101	35.1453	1.752	 1900
Collinder 96	207.9636	-3.3859	  962
Collinder 359	29.7495	12.5171	  249
Berkeley 28	210.4075	1.5065	 2557
NGC 2319	211.2581	3.4086	 1100
vdBergh 1	208.5551	-1.8083	 1687
Berkeley 30	210.7801	2.8581	 4790
FSR 1031	207.4838	-3.1656	 1791
NGC 2270	208.9831	-0.0776	 1400
ASCC 31	210.8905	3.6983	  600
FSR 1051	209.7784	1.8327	 1180
ASCC 21	199.8609	-16.4793	  500
Platais 6	205.3678	-6.2203	  348
NGC 6481	29.9402	14.9377	 1180
NGC 6755	38.5977	-1.6875	 1421
Czernik 39	38.6474	-1.6384	 1340
Dias 2	203.9665	-7.2455	 2835
Dolidze 22	205.6208	-4.1224	 2152
NGC 2269	207.8872	0.2986	 1687
NGC 6756	39.0884	-1.6814	 1507
Collinder 107	207.1538	-0.8886	 1738
NGC 2180	203.8491	-7.009	  910
Collinder 104	206.9425	-1.1159	 2025
NGC 6773	39.9758	-3.0034	 2160
Czernik 38	37.1279	2.6329	 1910
NGC 2244	206.3059	-2.072	 1660
NGC 2239	206.1703	-2.2729	 3900
Collinder 92	205.1092	-3.9812	 2670
NGC 2252	206.2479	-1.2611	  900
Berkeley 78	211.7848	9.5988	 4800
IC 4756	36.3808	5.2422	  484
NGC 2186	203.5508	-6.192	 2700
Majaess 79	205.3193	-2.6953
Archinal 1	38.2557	1.7781	 1413
Majaess 82	206.2652	-0.7189
IC 4665	30.6192	17.0819	  352
NGC 2143	202.2354	-8.0372	  800
Berkeley 26	207.6822	2.3663	12589
Berkeley 27	207.7844	2.6074	 5035
Collinder 97	205.3695	-1.7582	  630
Collinder 106	206.0043	-0.4627	 1000
NGC 2202	203.6215	-4.9048	  900
ASCC 34	209.6721	6.9926	  550
Mamajek 3	197.2713	-15.5561	   92
Juchert 3	40.3608	-0.6998	  828
Czernik 27	208.5402	5.5278	 4285
Berkeley 32	207.952	4.4044	 3078
NGC 6633	36.0113	8.3277	  376
FSR 1025	206.9433	2.7984	 2095
FSR 1029	207.235	3.6439	 1905
Juchert 18	204.602	-1.3119	 2290
NGC 2236	204.3697	-1.6993	 2930
Collinder 111	205.3427	0.3265	 1191
Czernik 25	202.3093	-5.2583	 1980
Dolidze 21	196.5851	-15.1033	 3599
NGC 2394	210.7831	11.469	  940
ASCC 26	206.3555	3.0694	  800
Collinder 74	199.0311	-10.3896	 2510
NGC 2254	204.3274	0.0466	 2364
Berkeley 22	199.8766	-8.0786	 6000
NGC 6828	46.831	-9.2746	  600
Basel 8	203.7791	-0.12	 1328
FSR 0118	44.0654	-3.854	 2883
Dolidze 19	195.1043	-15.3171	 1710
Berkeley 31	206.2536	5.1198	 8272
Basel 7	203.8156	0.5299	 1684
NGC 2251	203.577	0.1057	 1329
Alessi 53	202.2579	-0.665	 4570
Trumpler 5	202.8646	1.0495	 2820
Alessi 56	43.2107	0.9672	 3900
NGC 2264	202.9357	2.1957	  667
Collinder 69	195.0477	-12.0035	  400
Collinder 95	201.7471	0.0055	  556
NGC 2312	204.5625	6.2895	 2245
NGC 6709	42.1204	4.7151	 1075
NGC 6724	42.8417	3.5771	 1105
NGC 2141	198.0443	-5.8105	 4033
Poole J1856+10.8	43.0355	3.9141	 4389
Poole J1855+10.8	42.9587	4.1047	 4457
NGC 7193	70.0936	-34.2791	 1080
NGC 2259	201.7618	2.0752	 3311
NGC 1662	187.695	-21.1143	  437
NGC 6525	37.3783	15.8904	 1436
FSR 0979	200.7901	0.6298	 1933
Berkeley 43	45.652	-0.1815	 1030
NGC 6858	51.3599	-10.3044	 1310
NGC 2678	216.0348	31.4206	  900
Dol Dzim 2	192.2398	-13.5599	 1220
NGC 6738	44.398	3.102	  700
Dias 8	50.3356	-7.8215	 2220
Dolidze 35	47.1695	-2.0946	  708
NGC 6837	50.5189	-8.0089	  943
NGC 2682	215.696	31.8963	  808
FSR 0977	200.1757	1.102	 1916
Chupina 5	215.8374	32.3036
Dolidze 26	206.508	13.9007	 2070
NGC 2265	201.2247	3.2682	 2160
Chupina 1	215.3987	31.6938	 1783
FSR 0124	45.9484	1.0517	 3026
FSR 0123	45.9484	1.0517	 3308
NGC 6840	51.1616	-8.2531	 1970
NGC 6843	51.293	-8.4037	 1945
Alessi 19	40.2164	12.7579	  550
Chupina 2	215.0699	31.9245
Chupina 4	215.1593	32.2925
FSR 0974	199.6591	1.6002	 2308
NGC 2224	198.9675	0.5438	 2415
Juchert 1	47.7275	-1.0007	 2623
NGC 2194	197.2502	-2.3496	 3781
Skiff J0614+12.9	197.314	-2.0976	 3150
FSR 0956	196.9184	-2.5391	 2180
FSR 0952	196.6598	-2.9994	 1994
Berkeley 82	46.8535	1.6241	  860
NGC 1663	185.845	-19.7351	  700
FSR 0975	199.7936	3.5366	 4626
Teutsch 12	197.9215	0.581	 8900
NGC 2395	204.6051	13.9878	  512
FSR 0942	195.5863	-3.5934	 2000
NGC 2355	203.3896	11.8025	 1949
FSR 0126	48.5468	-0.1819	 2110
Teutsch 11	197.6489	0.6471	 3443
Kronberger 13	49.1666	-0.9789	 1380
NGC 2169	195.6076	-2.9346	 1052
FSR 0129	49.3934	-1.3206	 1305
FSR 0953	196.68	-0.582	 1734
Ivanov 2	196.2134	-1.1978	 2084
FSR 0939	195.5397	-2.1918	 2397
FSR 0932	194.6002	-3.4938	 1090
FSR 0957	197.0166	0.9763	 1786
FSR 0940	195.5535	-1.2851	 2421
Riddle 15	48.3565	2.4552	 6288
King 26	50.4121	-1.3418	 2600
FSR 0937	195.3179	-1.3174	 4597
FSR 0131	51.1036	-1.4273	 1303
NGC 7036	64.5442	-21.4428	 1000
Dol Dzim 7	36.2943	29.1658	 1140
FSR 0133	51.1217	-1.1657	 2814
Alessi 57	50.1969	0.7655	 3900
Berkeley 45	50.0403	1.1456	 2350
FSR 0941	195.5895	0.7542	 5800
FSR 0948	195.9441	1.6825	 2330
Melotte 25	180.0638	-22.3429	   45
NGC 7772	102.7395	-44.2729	 1500
Majaess 69	192.1389	-3.8019
NGC 6950	61.1074	-15.1977	 1070
NGC 1817	186.1561	-13.0961	 1972
Collinder 65	188.005	-10.3172	  580
NGC 2234	195.5335	2.8318	 4800
FSR 0924	193.3279	-1.1185	 1721
FSR 0134	51.6765	0.5772	 2478
Berkeley 29	197.9834	8.0247	14871
FSR 0923	193.2296	-1.0189	 1500
Berkeley 47	52.5611	-0.058	 1070
NGC 7084	69.9629	-24.3016	  765
Roslund 1	54.5997	-3.4001	  670
FSR 0929	194.2587	2.4741	 1296
NGC 6839	56.1144	-5.1517	 1410
NGC 2304	197.2156	8.9012	 4400
FSR 0927	193.8369	2.3285	 2981
Harvard 20	56.2792	-4.654	 1604
Kronberger 79	54.1792	-0.6122	 2700
Teutsch 42	53.7701	0.1638	 1600
Skiff J0619+18.5	192.8454	1.5648	 1380
ASCC 104	54.9015	-1.5567	  800
Teutsch 27	54.735	-1.2428	 2480
FSR 0903	191.0064	-0.6125	 1633
NGC 1647	180.3366	-16.7718	  540
FSR 0900	190.7787	-0.774	 3465
Berkeley 44	53.212	3.3543	 1800
NGC 2632	205.9195	32.4843	  187
Bochum 1	192.4312	3.4007	 2803
FSR 0142	55.7842	-0.1882	 2669
NGC 2026	187.2342	-5.0592	 1418
NGC 6802	55.3256	0.9166	 1778
FSR 0894	189.5866	-0.7571	 2886
Roslund 3	58.8105	-4.6818	 1467
NGC 2175	190.0426	0.4823	 1627
FSR 0902	190.9763	2.2848	 1243
Berkeley 23	192.606	5.4457	 6918
Pismis 27	190.0783	0.7968	 1000
Czernik 24	188.0524	-2.2161	 4600
NGC 6873	60.4508	-6.1543	 1250
Czernik 40	57.4762	-1.1003	 3090
Dias 7	58.2793	-2.4539	 2540
NGC 6827	58.2631	-2.3373	 4550
NGC 2420	198.1071	19.634	 2480
Alessi 62	52.7711	8.7372	  546
Koposov 77	185.9645	-4.1056	 5400
Berkeley 21	186.8397	-2.5086	 5000
ASCC 107	58.8653	-1.8907	  700
Basel 11b	187.4423	-1.114	 1800
FSR 0883	188.1049	0.1448	 2977
NGC 6793	56.1669	3.317	 1100
NGC 6938	64.9104	-10.7427	 1250
Berkeley 72	186.2725	-2.5498	 3500
Platais 4	180.7904	-10.8586	  276
FSR 0891	189.2091	3.0108	 2075
Kronberger 12	188.7921	2.3867	 1775
FSR 0855	184.829	-3.8188
Collinder 404	59.1397	-0.1132
NGC 6830	60.1354	-1.7999	 1639
NGC 6823	59.4019	-0.144	 3176
Teutsch 40	57.8573	2.6447	 2980
NGC 2129	186.6012	0.1442	 2200
FSR 0154	59.9998	-1.0755	 4394
Collinder 89	188.1997	3.6843	  800
NGC 1750	179.1781	-10.6956	  630
NGC 1746	179.0749	-10.6452	  800
Alessi 12	67.4655	-11.5079	  537
NGC 1758	179.1544	-10.4899	  760
Roslund 2	60.1935	-0.2827	 2000
IC 2157	186.382	1.2461	 2040
NGC 2158	186.6341	1.7807	 5071
NGC 1802	179.6639	-9.2609	 2100
Melotte 22	166.5707	-23.5212	  133
IC 2156	186.2945	1.2996	 2100
Teutsch 7	60.7538	-0.5641	 7070
Kharchenko 1	186.5814	2.1705	 2520
NGC 2168	186.5909	2.1913	  912
FSR 0869	186.5235	2.5358
Koposov 63	186.5163	2.5268	 3000
ASCC 25	190.181	9.728	 1400
Dolidze 53	60.9415	-0.1079	 1392
Koposov 62	187.2503	4.1973	 2800
FSR 0850	183.528	-2.2496	 1836
Dutra Bica 84	186.1317	2.5914	 6309
NGC 6800	59.2368	3.9448	 1000
FSR 0852	184.1321	-0.4097	 2200
Stock 1	60.247	2.2572	  318
FSR 0162	63.2106	-2.7515	 1721
Czernik 41	62.0054	-0.701	 1360
FSR 0163	63.2242	-2.4197	 3412
FSR 0842	181.5062	-3.8916	 3816
Saurer 5	61.0312	1.7344	 8329
FSR 0858	185.4404	2.8899	 2127
NGC 6904	66.1353	-6.3113	 1355
FSR 0849	183.3518	-0.5687	 1063
NGC 1996	181.779	-3.0506	 1400
Dol Dzim 4	181.393	-3.4099	 1220
FSR 0158	62.3164	0.2756	 2769
Melotte 111	221.3528	84.0248	   96
Kronberger 31	61.6436	1.9081	11900
Koposov 53	184.9025	3.13	 5300
FSR 0856	184.8982	3.1281
FSR 0846	182.5537	-0.7412	 1881
NGC 6885	65.5295	-4.0742	  597
Dol Dzim 3	180.6765	-3.538	 2530
Collinder 416	65.5236	-3.9624
AH03 J2011+26.7	65.7373	-3.9212	 2567
FSR 0165	64.1032	-1.2952	 2628
NGC 6882	65.7809	-3.8485	  432
Teutsch 51	182.7434	0.481	 3300
FSR 0160	62.71	1.3455	 2289
NGC 2266	187.7897	10.2939	 3000
Majaess 68	182.4162	0.2469
FSR 0167	65.1614	-2.4051	 1993
NGC 2331	189.7279	15.2177	 1285
Turner 1	63.4533	0.8293	 1675
ASCC 105	62.7899	2.1517	  500
Dutra Bica 83	182.0577	0.4249	 1586
Majaess 61	180.4221	-2.1386
Dolidze 14	167.4887	-17.9827	 1670
FSR 0170	65.9292	-2.6893	 4023
Turner 8	63.5764	1.7086	 2160
Kronberger 4	63.844	1.8843	 7900
NGC 6940	69.8603	-7.1471	  770
Berkeley 83	66.0568	-0.922	 5728
Czernik 19	174.0986	-8.8321	 2500
Teutsch 10	179.9556	-0.2945	 2600
Czernik 23	180.5386	0.8115	 2500
FSR 0826	179.6802	-0.5105	 2100
Berkeley 52	67.8986	-3.1773	 4900
FSR 0178	67.8813	-2.8307	 3700
Roslund 4	66.984	-1.2703	 2000
Turner 9	64.761	2.5051	  852
NGC 6743	60.367	10.9225	 1111
NGC 1896	177.3223	-3.4514	 2600
NGC 6834	65.6982	1.1889	 2067
FSR 0823	179.1227	-0.2253	 1100
Berkeley 19	176.9015	-3.588	 7870
Alessi Teutsch 10	162.1658	-19.7301
FSR 0756	168.6483	-13.7201	 1800
Teutsch 43	65.0566	3.1877	 2100
FSR 0828	179.919	1.7455
FSR 0821	178.7486	-0.1849	 1213
Koposov 43	179.9008	1.7437	 2800
ASCC 102	63.2685	6.6427	 1500
ASCC 17	176.5623	-3.0712	 2000
NGC 6847	66.8821	0.7833	 1894
Basel 4	179.2295	1.1992	 3000
Latham 1	72.3204	84.5914	 1015
Kronberger 68	67.6524	0.2485	  710
Berkeley 17	175.6462	-3.6479	 2700
Skiff J0507+30.8	173.7711	-5.8432	 8701
Kronberger 52	67.6285	0.8564	  705
FSR 0817	177.6322	-0.1056	 1359
Czernik 18	168.2873	-12.2868	 1052
Teutsch 45	177.9387	0.533	 6770
Teutsch 124	70.2421	-2.6107	  840
Koposov 36	177.066	-0.4062	 1700
FSR 0814	177.0615	-0.4118
DC 8	180.5739	5.5928	 2100
FSR 0815	177.0679	-0.1922	 2153
Kronberger 69	68.5295	0.4453	 6140
Kronberger 60	179.8072	4.7497	 1960
FSR 0816	177.0986	0.1881	 2100
Dol Dzim 9	58.099	22.2588	 2330
SAI 132	68.1188	1.4355	 2860
FSR 0812	176.7812	0.1199	 3300
FSR 0807	176.49	-0.1104	 1300
Kronberger 54	69.1074	0.5186	 1715
Platais 2	128.4464	-30.6035	  190
IC 348	160.4899	-17.8022	  385
Saurer 6	68.0099	2.8506	 9330
Berkeley 71	176.6249	0.8942	 3260
NGC 6846	68.6905	1.9195	 4450
Loiano 1	69.0526	1.7036	 2700
NGC 2099	177.6354	3.0914	 1383
Berkeley 69	174.435	-1.7868	 2860
Dolidze 16	173.2149	-3.4683	  868
FSR 0189	70.6581	-0.1515	 2588
Teutsch 1	175.5595	1.2061	 4300
Koposov 27	175.558	1.2111	 3700
Melotte 31	173.0721	-2.485
NGC 1893	173.585	-1.6805	 3500
SAI 48	173.6941	-1.3634	 1800
Dolidze 18	173.5782	-1.5199
FSR 0182	69.1824	3.3635	 4569
ASCC 100	64.377	12.6629	  350
ASCC 110	70.4505	1.3945	  800
FSR 0190	70.7288	0.9625	 3924
Toepler 1	70.3054	1.7213	 2793
FSR 0195	72.0705	-0.9922	 2331
King 8	176.3948	3.1193	 6403
NGC 7037	79.1329	-9.7609	 1760
Roslund 5	71.4003	0.2729	  389
Dolidze 20	173.8626	-0.5901	  900
FSR 0192	71.1006	0.8542	 2645
Berkeley 84	70.9257	1.2719	 2750
FSR 0188	70.6455	1.7412	 3354
Patchick 75	72.1108	-0.5104	 1442
NGC 1960	174.5345	1.072	 1330
NGC 1931	173.8977	0.2813	 2300
Berkeley 51	72.1471	0.2912	 1300
Stock 8	173.3731	-0.1886	 2005
ASCC 109	70.339	3.5112	  450
Berkeley 49	70.979	2.5753	 2090
FSR 0777	173.0465	-0.1188	 1000
Kronberger 1	173.1072	0.0465	 1900
Dolidze 15	170.46	-3.5538
Majaess 58	172.7402	-0.321
Alessi Teutsch 9	155.7354	-17.796	  700
FSR 0775	172.6393	-0.3229	 1300
Berkeley 50	72.451	0.8586	 2653
Teutsch 28	74.6447	-2.0839	 3100
ASCC 14	171.8365	-1.0292	 1100
NGC 2240	179.2122	11.8463	 1551
Koposov 12	176.1594	5.9997	 2000
Teutsch 8	71.8602	2.4257	 1600
NGC 1907	172.6193	0.3063	 1800
Koposov 10	174.6454	3.7043	 2000
Biurakan 2	72.7509	1.3455	 1106
Ruprecht 175	77.0276	-4.6043	 4431
Ruprecht 173	76.6399	-4.0285	 1791
Kronberger 28	72.5355	1.8521	  550
Turner 11	76.8705	-4.2618	 1905
Ruprecht 172	73.1194	1.0029	 1100
Teutsch 35	69.4579	7.2608	  700
FSR 0198	72.1764	2.6068	 1700
Biurakan 1	72.7318	1.7444	 1600
NGC 6871	72.6448	2.054	 1574
FSR 0759	169.0413	-3.8641	 3801
NGC 6883	73.2775	1.1752	 1380
NGC 1912	172.2495	0.6951	 1400
Majaess 207	74.7787	-0.965
Dol Dzim 11	78.1192	-5.241	 2545
Czernik 21	171.8889	0.4533	 2300
Teutsch 30	75.3542	-1.425	 1600
Alessi 22	108.8836	-24.9334
ASCC 101	67.9939	11.5875	  350
NGC 7063	83.0584	-9.8826	  689
Dolidze 1	73.657	1.8279	 1445
SAI 46	170.6749	-0.4415	 4290
ASCC 15	170.9845	0.0772	 1400
Dolidze 47	77.4677	-3.4179	 2293
Kronberger 57	75.3472	-0.5	 1295
Dolidze 4	74.7443	0.55
Kronberger 73	74.3169	1.2647	 1695
Kronberger 74	74.7916	0.5782	 1760
Teutsch 5	167.5828	-4.1167	 2325
FSR 0753	168.3839	-3.0855	 3001
Dolidze 3	74.6009	1.045	 1032
NGC 1548	162.8953	-9.18	 2501
Stephenson 1	66.8629	15.5147	  390
NGC 1778	168.9031	-2.0154	 1469
Ruprecht 174	78.0183	-3.3955	 2110
FSR 0210	76.2069	-0.5446	 1087
Berkeley 87	75.7149	0.3043	  633
NGC 1342	154.9518	-15.3422	  665
ASCC 111	74.6214	2.0778	 1600
Dolidze 45	81.9602	-7.1712	 2928
Kronberger 18	169.6446	0.0333	 3250
IC 4996	75.3734	1.3158	 2398
Dolidze 37	73.9413	3.5758	 1400
Dolidze 41	75.707	0.9923
Teutsch 39	95.4654	-17.8144	  810
Berkeley 85	75.7257	0.9812	 1760
NGC 6791	69.9585	10.9038	 5035
NGC 752	137.1251	-23.2542	  457
FSR 0225	78.5753	-2.8004	 1150
Kronberger 72	75.1098	2.1374	 1055
Roslund 7	79.7726	-4.1821	  700
Dolidze 40	75.7603	1.2395	 2702
Stock 10	171.6183	3.5616	  380
FSR 0744	167.0845	-2.7642	 1250
Feibelman 1	75.8268	1.3202	 1457
Dol Dzim 5	60.8663	43.8755	  900
Dolidze 42	76.1218	1.0649	  972
Teutsch 52	170.4412	2.2818	 3240
Dol Dzim 6	61.5832	40.3686	  820
Basel 6	74.906	3.2978	 1548
SAI 41	167.6696	-1.3352	 5200
NGC 6913	76.9051	0.5936	 1540
ASCC 113	82.8849	-6.6535	  450
Skiff J1942+38.6	72.7197	7.5565	 2642
Berkeley 86	76.6667	1.2725	 1112
Teutsch 132	167.6853	-0.6324	 5370
FSR 0213	77.6282	0.3808	 1434
King 17	167.2985	-0.7448	 4710
FSR 0763	170.1438	3.4868
Bica 6	166.9857	-1.0033	 1600
Teutsch 2	170.7531	4.6419	 3610
Roslund 6	78.1207	0.2968	  450
Dolidze 5	77.161	1.6669	  969
NGC 1857	168.4053	1.2593	 2490
vdBergh 130	76.9083	2.072	 1589
ASCC 108	74.4549	5.9858	 1100
Czernik 20	168.2857	1.4444	 3370
ASCC 122	95.9111	-15.9023	  700
FSR 0237	80.2922	-2.0974	 1656
FSR 0733	163.944	-3.8094	 1500
FSR 0761	169.4139	3.6643	 3743
NGC 2192	173.4149	10.6543	 3467
Dolidze 10	78.4811	1.1503
Kronberger 59	79.3532	0.0041	  780
NGC 6819	73.9839	8.4913	 2403
FSR 0224	78.4661	1.3621	 1427
Waterloo 2	168.41	3.0938	  550
Berkeley 54	83.129	-4.1428	 2300
Dol Dzim 10	76.6518	4.6286	 1670
Collinder 419	78.0985	2.7806	  740
NGC 6910	78.6825	2.0135	 1139
FSR 0222	78.3947	2.5316	 1238
FSR 0735	164.1786	-1.833	 2500
FSR 0223	78.4257	2.6482	 2466
SAI 36	159.3061	-6.8656	 3000
NGC 2281	174.9014	16.8812	  558
Collinder 62	167.2769	2.6839	 1472
FSR 0219	78.1426	3.5185	  884
Dolidze 38	77.2081	4.9994	 1200
Kronberger 58	78.7753	2.6286	 1515
IC 1311	77.6884	4.2786	 6026
Bica 1	80.1378	0.7433	 1800
SAI 137	82.0964	-1.7145	 1060
Bica 2	80.2226	0.7866	 1800
Dolidze 6	78.8723	2.7559
Dolidze 2	77.774	4.423	 4296
FSR 0238	80.477	0.6172	 3091
Dolidze 11	79.5901	1.8921	 1813
FSR 0236	80.2774	0.9476	  901
NGC 7024	84.2645	-3.8771	 1760
FSR 0723	162.6003	-2.7054	 3103
FSR 0248	81.7137	-0.5958
Collinder 421	79.4299	2.5418	 1050
Dolidze 44	80.1559	1.5615	 1499
ASCC 12	163.0341	-1.8563	  500
FSR 0719	162.2942	-2.5983	 3500
Berkeley 56	85.9909	-5.2213	12100
Berkeley 70	166.8944	3.5802	 4168
FSR 0714	162.0235	-2.7458	 1819
Dolidze 9	79.8982	2.2935	 1063
FSR 0721	162.436	-2.2213	 3662
Majaess 50	162.309	-2.333
FSR 0246	81.6294	0.1496
Berkeley 68	162.125	-2.4076	 1678
Dolidze 36	77.6594	5.982	  900
FSR 0717	162.2671	-2.1384	 1700
FSR 0245	81.4984	0.6177	 1186
Dolidze 8	80.042	2.6935	 1078
SAI 47	166.37	3.5456	 3860
FSR 0734	164.0603	0.5193	 1193
NGC 7044	85.8904	-4.1501	 3326
FSR 0249	81.7484	0.7348	 1790
FSR 0732	163.8671	0.4897	 2800
FSR 0232	79.6862	3.826	 1546
Berkeley 12	161.6696	-1.9911	 3162
NGC 1039	143.658	-15.6133	  499
FSR 0239	80.5224	2.944
FSR 0247	81.7026	1.4944
FSR 0251	82.3302	0.7569	  857
Skiff J0458+43.0	163.0074	0.145	 2125
FSR 0261	83.9882	-1.0904	  852
Berkeley 14	162.873	0.7069	 5500
NGC 1664	161.6768	-0.446	 1199
NGC 1582	159.3028	-3.0394	 1100
FSR 0258	83.5844	0.6782	 1238
Teutsch 22	85.6787	-1.5194	 2700
FSR 0722	162.5303	1.3437	 2501
NGC 6866	79.5604	6.8393	 1189
Wit 4	82.3558	2.957	 1456
FSR 0255	82.9275	2.2004	 1233
FSR 0270	86.1536	-1.6968	 1758
NGC 1193	146.8125	-12.1631	 4571
Berkeley 15	162.2656	1.609	 1202
ASCC 13	163.4007	3.2603	  800
Collinder 428	86.2116	-1.41	 1000
NGC 6996	85.4659	-0.478	  760
NGC 956	141.178	-14.624	 2613
NGC 6997	85.4785	-0.4672	  741
NGC 2666	175.9158	39.2774	  860
Ruprecht 148	160.3362	-0.3963	 3028
FSR 0273	86.2038	-1.0529	 2220
Basel 14	88.589	-3.5908	  964
ASCC 11	150.564	-9.2302	  650
Berkeley 11	157.0815	-3.6422	 2200
NGC 1605	158.5737	-1.5791	 2559
Berkeley 18	163.6315	5.017	 5800
NGC 7039	87.8793	-1.705	  951
FSR 0260	83.7512	3.3019	 1318
FSR 0716	162.2591	3.6188	 4500
FSR 0702	160.1304	0.9632	 2501
NGC 7093	91.0428	-4.3485	 1785
Barkhatova 1	86.2171	0.8017	  833
Berkeley 89	83.1595	4.8218	 2040
FSR 0686	156.8876	-2.1576	 1638
Basel 12	88.2946	-1.2461	 1466
Alessi 37	101.7345	-11.4833	  600
Majaess 211	88.7191	-1.4989
NGC 7062	89.9587	-2.7483	 1910
NGC 6811	79.2105	12.0148	 1215
NGC 7209	95.4961	-7.3387	 1168
NGC 1883	163.0829	6.1588	 4800
Basel 13	88.7501	-1.2444	 1236
ASCC 23	167.5205	14.4218	  600
Berkeley 90	84.8775	3.7844	 2070
Juchert 20	154.4936	-3.4221	 2420
FSR 0275	87.1951	0.9747	 3948
ASCC 119	97.732	-8.3872	 1000
SAI 141	88.0686	0.1096	 4940
NGC 7082	91.1987	-2.9048	 1442
Teutsch 156	88.2434	0.2658	 3930
Majaess 209	85.4091	3.7455
NGC 1245	146.6474	-8.9309	 2818
IC 5146	94.3833	-5.4949	  852
NGC 7011	88.1254	0.6071	 1236
FSR 0699	159.3558	2.5784
NGC 6991	87.4084	1.5348	  700
NGC 1798	160.7031	4.8496	 3470
IC 1369	89.5755	-0.4191	 2083
FSR 0274	87.1552	2.5897	 2153
NGC 7071	91.4257	-2.0242	 1684
FSR 0696	159.1429	3.2775
NGC 7067	91.2161	-1.6953	 3600
Berkeley 88	84.5515	6.3955	 6319
FSR 0282	88.7513	1.0516	 2533
FSR 0687	156.9333	0.967
NGC 7092	92.4027	-2.242	  326
Berkeley 91	90.0203	0.2809	 4100
Aveni Hunter 1	110.5655	-12.5352	  500
FSR 0674	153.4089	-1.8775	 3400
Basel 15	90.8197	-0.1051	 1355
Platais 1	92.5613	-1.6461	 1268
FSR 0288	90.0553	0.9275	 1734
NGC 7686	109.5129	-11.608	 1534
Patchick 89	83.645	10.129	 1845
FSR 0284	89.0667	2.5984	 1887
NGC 1513	152.5898	-1.5743	 1320
Casado Alessi 1	123.2672	-13.3038	  302
Melotte 20	146.5675	-5.8626	  185
SAI 43	158.6089	5.6857	 3840
FSR 0295	92.321	-0.1624	 1230
NGC 7243	98.8568	-5.5239	  808
NGC 2126	163.1863	13.1444	 1090
FSR 0296	92.4995	-0.2758	 2400
NGC 1545	153.3588	0.1844	  711
SAI 143	91.3129	1.4931	 6520
NGC 1624	155.3572	2.6076	 6000
Teutsch 144	92.743	0.4633	 2280
NGC 7801	114.7295	-11.3147	 1275
Berkeley 67	154.8776	2.503	 2450
FSR 0307	94.2537	-0.775	 1500
FSR 0290	90.4196	3.1901	 1201
SAI 49	159.5097	8.586	 2720
NGC 7058	92.8986	0.5899	  404
NGC 7031	91.3361	2.3029	  900
FSR 0312	94.4532	-0.7438	 2700
Majaess 42	150.8525	-1.118
ASCC 126	106.5858	-8.4543	  800
Barkhatova 2	95.5868	-1.5481	 1676
Berkeley 53	90.3889	3.6929	 3100
FSR 0667	151.1422	-0.6528	 1818
FSR 0322	96.4667	-2.1021	 1867
NGC 1528	152.0568	0.2577	 1090
Majaess 41	150.6095	-0.9572
FSR 0304	93.559	0.6707	 1423
FSR 0325	96.6288	-2.0232	 1800
NGC 1348	146.9688	-3.709	 1820
FSR 0319	96.1612	-1.5888	 1680
ASCC 115	97.4507	-2.5433	  600
Majaess 36	149.0758	-1.9697
FSR 0665	150.6813	-0.5957
NGC 7086	94.4066	0.2199	 1298
FSR 0306	94.2004	0.4725	 2328
NGC 2165	162.1613	15.1304	 1445
SAI 1	116.1649	-10.5837	 2170
Berkeley 55	93.0267	1.7978	 3981
King 7	149.7744	-1.0191	 2200
FSR 0671	152.4063	1.4821	 3501
FSR 0660	150.112	-0.552	 5126
Alessi Teutsch 11	87.4576	9.2775	  550
NGC 1790	157.0334	7.3582
NGC 7394	104.7945	-6.4218	 1310
Czernik 15	145.0998	-3.9661	 1155
FSR 0316	96.0708	-0.3331	 1940
NGC 7296	101.8831	-4.5881	 2450
Kronberger 80	92.9307	2.7972	 1355
Berkeley 98	103.8561	-5.6477	 3739
Juchert 19	149.74	-0.1972	 1340
FSR 0323	96.4835	-0.3922	 6699
FSR 0302	93.0943	2.8464
Stock 12	111.5116	-8.6551	  480
Czernik 16	145.8367	-2.9865	 2580
Berkeley 9	146.0646	-2.8224	 1480
NGC 1444	148.0963	-1.2923	 1199
NGC 1496	149.847	0.1871	 1230
King 5	143.7757	-4.2866	 1740
Berkeley 13	155.0851	5.9244	 2470
IC 1434	99.9417	-2.7099	 2600
NGC 1708	155.7637	6.8512	  630
Waterloo 1	151.2691	1.7825	 4400
FSR 0342	99.7624	-2.2128	 2088
Mayer 2	151.1762	2.1236	 1589
Patchick 103	90.0907	7.6471	 2220
NGC 1220	143.0363	-3.9632	 1800
FSR 0341	99.6442	-1.8319	 6000
Kronberger 84	96.2719	1.1029	 1075
Kronberger 81	95.2667	2.07	 7500
FSR 0656	148.5711	0.362	 1400
FSR 0320	96.3765	1.2402	 4724
NGC 7128	97.3421	0.4294	 2307
FSR 0314	95.5932	2.0565	 1710
FSR 0317	96.1217	1.579	 1934
FSR 0324	96.5417	1.2649	 4499
FSR 0326	96.7519	1.0829	 8435
FSR 0655	148.1213	0.2871	 1742
Juchert 11	147.0712	-0.5077	 3000
FSR 0357	103.1022	-3.4148	 2500
ASCC 114	97.0705	1.002	  550
FSR 0654	147.9482	0.345	 4000
IC 1442	101.3634	-2.203	 2346
ASCC 123	104.7462	-3.9988	  250
NGC 7438	106.7097	-4.9009	 1000
NGC 7245	101.3678	-1.8522	 3467
King 9	101.4378	-1.8311	 7900
ASCC 116	99.4941	-0.318	 5000
ASCC 128	109.9354	-5.9629	  900
NGC 7127	97.9072	1.1502	 1445
NGC 7175	99.7171	-0.0752	 1930
ASCC 121	103.5642	-2.5913	 2500
Czernik 12	138.0795	-4.7543	 2000
FSR 0333	98.4883	1.0633	 6001
FSR 0662	150.3909	3.8875
Alessi 2	152.2918	6.3291	  501
FSR 0336	99.0925	0.9639	 1116
ASCC 3	120.0209	-7.477	 1700
FSR 0338	99.2425	0.9492	14655
Berkeley 96	103.7096	-2.0995	 3180
NGC 7226	101.4048	-0.5958	 2616
FSR 0334	98.7085	1.5443	 2201
NGC 744	132.4037	-6.1594	 1207
Stock 11	111.9004	-5.6973	 1600
FSR 0365	104.1789	-2.2118	 3864
Alessi J2327+55	111.2293	-5.3655	 1000
ASCC 2	118.4625	-6.8875	 1200
Teutsch 126	101.9754	-0.6002	 1740
NGC 2013	156.5135	13.4167	 1100
NGC 657	130.2212	-6.2989	 1372
ASCC 5	123.8552	-7.02	 1500
Berkeley 94	103.0946	-1.1846	 2630
Trumpler 2	137.3765	-3.9711	  725
Stock 19	116.4028	-6.1946
SBB 2	102.7828	-0.7009	 3600
FSR 0384	106.7498	-2.9527	 4799
Teutsch 127	102.8091	-0.6736	 3600
NGC 6856	89.6829	13.5273	 1704
King 6	143.3584	-0.1389	  871
FSR 0611	137.2734	-3.4708	 1000
Majaess 19	123.91	-6.3603
SBB 4	103.5835	-0.5977	 2270
IC 1590	123.1226	-6.2429	 2940
Berkeley 102	113.0131	-4.8311	 9638
NGC 7789	115.5319	-5.385	 1795
FSR 0614	137.7652	-2.9036	 2434
FSR 0356	103.0913	-0.0822	 2200
Stock 4	131.2308	-4.8131	 1200
NGC 7423	107.6125	-2.275	 4150
NGC 884	135.0659	-3.5878	 2940
NGC 869	134.6322	-3.7409	 2079
ASCC 120	104.7362	-0.6003	 2500
FSR 0647	146.2645	3.1212
Alicante 1	146.2698	3.1393	 3981
SAI 25	139.7085	-1.3412	 2290
NGC 7235	102.7011	0.782	 3330
NGC 7352	105.8957	-1.0538	 2550
Trumpler 37	99.3117	3.7341	  835
Berkeley 92	97.9256	5.0702	 8630
NGC 957	136.2875	-2.645	 2200
NGC 7055	97.4487	5.5975	 1275
FSR 0354	102.8121	1.2279	 1169
ASCC 6	130.3457	-4.3366	 1200
ASCC 9	137.8775	-1.7516	 2900
NGC 7281	104.4454	0.2885	 1620
Stock 21	120.1339	-4.8339	 1700
Teutsch 74	100.3644	3.5966	 2650
FSR 0596	135.65	-2.3102	 1417
NGC 7261	104.0335	0.9206	 2830
NGC 7380	107.1409	-0.884	 2222
King 2	122.874	-4.6884	 5750
NGC 457	126.6348	-4.3826	 2429
King 18	107.7624	-1.0168	 3010
Basel 10	134.3	-2.6154	 1944
IC 361	147.4836	5.7006	 1070
FSR 0377	105.7811	0.0553	 2300
FSR 0381	106.6366	-0.392	 3392
Juchert 9	145.1202	3.6801	 4400
King 20	112.8415	-2.8649	 1900
FSR 0441	113.9823	-3.1101	 1998
Czernik 14	140.9287	0.9063	 2175
FSR 0394	108.3174	-0.8069	 4739
Czernik 8	135.7957	-1.5785	 1409
FSR 0591	135.1519	-1.8093	 2200
Alessi 20	117.6423	-3.6914	  600
Berkeley 66	139.4337	0.2184	 5000
FSR 0358	103.3452	2.2084	 2578
NGC 436	126.1104	-3.9086	 2400
FSR 0385	106.9581	0.1166	 1726
ASCC 7	131.5453	-2.7687	 2000
Berkeley 97	106.643	0.3642	 2410
King 4	136.0146	-1.1977	 3172
FSR 0366	104.3594	1.7663	 5610
Tombaugh 5	143.9423	3.5725	 1750
FSR 0443	114.3022	-2.6429	 1250
Berkeley 95	105.4706	1.203	 3343
King 10	108.4814	-0.3958	 3379
SAI 17	134.1653	-1.7238	 3800
FSR 0459	116.4684	-2.994	 3800
Berkeley 103	114.5571	-2.4904	 7379
FSR 0486	118.9685	-3.3142	 1850
FSR 0634	142.9653	3.2881	 2301
NGC 6832	92.0048	16.3489	 1750
Stock 2	133.3339	-1.6944	  303
ASCC 8	134.0234	-1.3232	 2200
Czernik 11	135.8695	-0.571	 1210
FSR 0401	109.4022	-0.2316	 3208
FSR 0474	117.8381	-2.7228	 4638
Teutsch 54	107.8984	0.5744	 2890
FSR 0435	112.9848	-1.5269	  805
FSR 0417	110.969	-0.7488	 2329
FSR 0521	123.1283	-3.0212	 2534
Czernik 9	135.4172	-0.4869	 1660
Czernik 42	107.1243	1.1465	 2585
Majaess 215	108.2157	0.5929
Juchert Saloran 1	118.5471	-2.6106	 3859
NGC 7429	108.9551	0.2719	 1190
NGC 7795	116.3755	-2.1626	 2105
Reiland 1	109.9929	-0.0862	 1664
Kumar 21	104.7184	2.8343	 2500
FSR 0364	104.1519	3.2285	 3399
Stock 23	140.0524	2.1464	  380
NGC 433	125.8878	-2.6087	 2323
Czernik 2	121.9681	-2.7073	 1775
NGC 743	131.2028	-1.6335	 1618
Czernik 10	135.3519	-0.2108	 1575
NGC 129	120.2702	-2.5426	 1625
Kronberger 23	110.2037	0.0144	 3065
Riddle 4	132.2226	-1.2377	 2800
FSR 0436	113.0031	-1.0369
Skiff J2330+60.2	113.0152	-1.0399	 1859
FSR 0537	126.3167	-2.3413	 2075
Berkeley 2	119.7069	-2.308	 5250
Teutsch 53	105.742	2.541	 5502
Berkeley 65	135.8344	0.2677	 2274
IC 1848	137.1909	0.9203	 2200
Markarian 50	111.3502	-0.2251	 2114
Majaess 227	115.1063	-1.4263
Berkeley 1	117.7961	-1.9789	 2420
King 19	110.5699	0.1443	 1967
SAI 149	114.0253	-1.047	 2370
FSR 0628	140.5451	2.9897	 5001
SAI 24	138.0295	1.5016	 1000
Collinder 34	138.0256	1.5002
NGC 7510	110.9027	0.0643	 3480
NGC 581	128.0524	-1.8041	 2194
NGC 6939	95.9028	12.3043	 1800
NGC 659	129.3753	-1.5341	 1938
SAI 6	120.0512	-2.0508	 2700
FSR 0460	116.5752	-1.533	 5875
Markarian 6	134.6646	0.0922	  698
FSR 0547	127.6167	-1.8053	 2800
NGC 7419	109.1335	1.1198	 2300
FSR 0369	105.1524	3.4092	 4427
FSR 0451	115.6669	-1.173	 1732
FSR 0422	111.4683	0.14	 1200
Pfleiderer 3	110.6935	0.4702	 4570
FSR 0448	115.1973	-0.9852	 2012
Berkeley 60	118.8438	-1.6703	 4365
Berkeley 58	116.7534	-1.2889	 2700
Majaess 30	136.2201	1.077
Alessi Teutsch 5	104.4508	4.1477	  900
Berkeley 6	130.0974	-0.9767	 2520
S1	130.0513	-0.9567	 2200
NGC 189	121.4992	-1.7438	  752
FSR 0578	133.4424	0.0606	 2668
FSR 0426	111.6112	0.3681
King 13	117.9675	-1.306	 3100
NGC 7790	116.5887	-1.0085	 2944
NGC 663	129.4667	-0.9407	 2420
Trumpler 1	128.2242	-1.1328	 2469
FSR 0425	111.5717	0.5654	 2644
FSR 0534	126.0486	-1.4143	 1800
Czernik 43	112.8414	0.134	 2510
NGC 103	119.7966	-1.389	 3026
Czernik 5	130.5575	-0.5606	 2750
NGC 7788	116.4211	-0.7765	 2750
IC 1805	134.7256	0.9188	 2344
FSR 0480	118.585	-1.0901	 5492
Czernik 1	117.7262	-0.9532	 2530
Czernik 4	128.1795	-0.9446	 1630
NGC 136	120.5618	-1.2719	 5220
ASCC 4	123.1377	-1.2911	  750
NGC 381	124.939	-1.2226	 1148
NGC 7654	112.8189	0.4345	 1400
FSR 0505	121.5798	-1.2441
FSR 0584	134.0492	0.8401	 2009
Teutsch 76	106.821	3.3078	 4150
Frolov 1	116.5593	-0.568	 2000
NGC 1027	135.7473	1.5623	 1030
Mayer 1	119.4438	-0.9215	 1430
Harvard 21	116.2058	-0.354	 1937
NGC 225	122.0111	-1.0828	  657
Tombaugh 4	134.1821	1.0591	 3850
IC 166	130.0714	-0.1891	 4800
King 15	120.7482	-0.9265	 3162
NGC 654	129.0821	-0.3575	 2410
Majaess 225	114.6114	0.2191
King 12	116.121	-0.1509	 2490
Stock 24	121.5523	-0.8903	 2818
Czernik 17	142.5567	6.1849	 7000
Czernik 44	113.9075	0.4515	 3450
Teutsch 162	136.1323	2.1194	 2050
NGC 358	124.5434	-0.8071
Teutsch 55	134.0788	1.3525	 6020
FSR 0404	109.6169	2.3603	 5763
Stock 17	115.1232	0.3186	 2144
NGC 366	124.6777	-0.5909	 1785
Czernik 7	131.1586	0.5237	 3300
SAI 16	131.4312	0.6216	 7700
ASCC 117	104.8494	5.394	 1200
Pfleiderer 4	115.9678	0.2702	 7900
NGC 1502	143.6723	7.6576	 1000
Stock 3	125.3511	-0.4404	 1363
Czernik 13	135.6585	2.3103	 3961
Berkeley 7	130.1379	0.3762	 2570
FSR 0498	120.3626	-0.345	 1800
ASCC 130	116.2075	0.3363	 3400
SAI 21	134.5161	2.0478	 1860
NGC 7160	104.0117	6.4572	  789
FSR 0406	109.8613	2.7642	 7001
Stock 20	119.9259	-0.1021	 1100
SAI 14	126.8929	0.0202	 6460
ASCC 1	118.1525	0.1971	 4000
SAI 4	119.7542	0.0036	 1600
King 21	115.9465	0.6825	 2103
ASCC 125	110.1782	2.7651	 1500
Czernik 3	124.2649	-0.0582	 1410
Kronberger 55	116.3246	0.6651	 1260
Czernik 6	130.8865	1.0565	 2700
FSR 0413	110.728	2.6689	 1800
Berkeley 5	129.2927	0.7597	 6200
Teutsch 23	115.7923	1.0019	 2680
FSR 0542	126.8304	0.3846	 1934
FSR 0414	110.8579	2.7492	  831
FSR 0416	110.9305	2.763	  700
FSR 0536	126.1294	0.3727	 3001
King 14	120.7452	0.3662	 2960
Negueruela 1	115.7847	1.2413	 2800
FSR 0453	115.7953	1.2452
Trumpler 3	137.9763	4.5546	  460
Pismis Moreno 1	106.7237	5.3046	  800
NGC 559	127.1952	0.7479	 2430
Majaess 9	119.5477	0.6514
NGC 146	120.8612	0.5367	 3470
NGC 133	120.6778	0.5663	  630
FSR 0442	113.9936	2.0318	 1252
Berkeley 104	117.6301	1.2061	 4365
FSR 0538	126.3252	1.0237	 2146
Berkeley 63	132.5063	2.4959	 5700
FSR 0494	120.0728	1.0299	 5087
Berkeley 100	113.6596	2.4576	 3775
Stock 6	132.8809	2.7915	 1700
Berkeley 93	105.072	7.3185	 5600
Berkeley 62	123.9817	1.0977	 2320
FSR 0496	120.2567	1.2888	 1123
NGC 637	128.5458	1.7324	 2500
Dias 1	121.9639	1.213	 1690
Dolidze 13	122.7423	1.2553	 2400
King 16	122.0949	1.3263	 1920
Berkeley 101	114.504	2.6312	 2693
Majaess 26	128.7767	2.0143
King 1	119.7626	1.6897	 1080
Berkeley 4	122.2377	1.5216	 2460
Stock 5	130.7141	2.6712	 1100
Majaess 8	119.2054	1.8856
FSR 0553	128.2369	2.1536	 7500
NGC 609	127.7404	2.087	 3981
Czernik 45	117.0503	2.3097	 2530
Stock 18	117.6245	2.2679	 1242
FSR 0519	123.0456	1.7799	 1450
ASCC 127	112.2603	4.135	  350
FSR 0551	128.0319	2.5026	 3500
Majaess 1	118.29	2.499
FSR 0508	121.9301	2.1278	 5501
Patchick 78	121.01	2.3131	 1507
FSR 0469	117.3155	3.1369
Pfleiderer 1	124.6521	2.8312	 7200
Majaess 20	123.672	2.8116
NGC 7142	105.3469	9.485	 2100
FSR 0522	123.1778	2.9227	 1506
FSR 0546	127.5934	3.4013	 2501
Berkeley 64	131.9188	4.605	 3981
FSR 0549	127.8287	3.5074	 6001
FSR 0516	122.8635	3.0967	  810
NGC 7129	105.4044	9.885	 1070
Berkeley 10	138.6158	8.8785	 1700
NGC 3231	141.9237	44.6529	  715
Berkeley 61	122.6465	4.3299	 3798
Berkeley 59	118.221	4.9961	 1000
NGC 7762	118.1271	5.6442	  780
Collinder 427	103.9982	14.2623
Skiff J0058+68.4	123.5814	5.606	 1600
King 11	117.1632	6.4773	 2892
Collinder 285	109.8667	44.6768	   25
vdBergh 152	110.2718	11.3645	 1964
Platais 3	139.3455	16.1483	  200
NGC 110	120.9962	8.6019	 1290
NGC 2408	143.625	29.4655	 1133
Berkeley 99	115.9519	10.1063	 4900
Collinder 463	127.1919	9.3889	  702
Collinder 471	110.8981	13.0835	 2003
Majaess 29	130.0893	11.1119
NGC 7708	117.3993	10.7882	 1607
vdBergh 150	112.0625	13.9056	 3990
Collinder 464	138.3733	19.6096
OCl 374	139.5847	27.3516	 1900
Berkeley 8	127.3517	13.2127	 3150
SAI 30	128.5255	21.2691	 3100
NGC 188	122.8431	22.3839	 1714