t211 ['19.4', '11.8', '10.2', '10.7', '9.6', '9.2', '9.8', '14.0', '18.2', '21.4', '23.2', '24.2', '25.0', '25.5', '25.0']
s310 ['-15.4', '-7.5', '-7.4', '-7.9', '-7.8', '-7.6', '-8.7', '-11.9', '-14.5', '-15.8', '-16.0', '-16.7', '-17.5', '-18.1', '-18.6']
v310 ['-10.5', '-7.7', '-7.5', '-7.7', '-7.1', '-7.3', '-7.2', '-9.3', '-13.3', '-14.7', '-15.8', '-16.6', '-17.4', '-18.0', '-17.7']

с r

t211	88,1	41,1	25,4	21,1	14,7	10,8	8,0	8,8	9,8	9,6	8,8	7,7	6,7	5,4	3,8
s310	-57,4	-26,3	-18,5	-15,7	-12,3	-9,5	-7,8	-8,4	-8,4	-7,3	-6,1	-5,3	-4,7	-3,9	-3,0
v310	-5,8	-8,1	-8,7	-9,4	-9,1	-9,7	-10,7	-14,5	-19,2	-21,5	-23,1	-24,1	-25,3	-26,6	-26,4

без r

t211	12,0	10,7	8,8	9,1	7,8	6,8	6,1	8,4	11,8	14,3	15,7	16,2	16,4	15,7	13,4
s310	-9,5	-6,8	-6,4	-6,8	-6,5	-6,0	-6,0	-7,9	-10,0	-10,9	-10,8	-11,2	-11,5	-11,3	-10,5
v310	-5,8	-8,1	-8,7	-9,4	-9,2	-9,7	-10,7	-14,5	-19,3	-21,7	-23,3	-24,4	-25,6	-27,0	-27,1